          20
    0.25000000000000E-01
    0.75000000000000E-01
    0.12500000000000E+00
    0.17500000000000E+00
    0.22500000000000E+00
    0.27500000000000E+00
    0.32500000000000E+00
    0.37500000000000E+00
    0.42500000000000E+00
    0.47500000000000E+00
    0.52500000000000E+00
    0.57500000000000E+00
    0.62500000000000E+00
    0.67500000000000E+00
    0.72500000000000E+00
    0.77500000000000E+00
    0.82500000000000E+00
    0.87500000000000E+00
    0.92500000000000E+00
    0.97500000000000E+00
