  -0.0000000e+00  -0.0000000e+00
  -6.2500000e-03  -2.8204328e-11
  -1.2500000e-02  -2.5188740e-11
  -1.8750000e-02   3.1286862e-11
  -2.5000000e-02   1.7862156e-11
  -2.8409033e-02  -1.5008632e-07
  -3.1818066e-02  -1.4911527e-07
  -3.5227099e-02   1.4235089e-07
  -3.8636132e-02   1.4733269e-07
  -3.9330704e-02   3.1868440e-08
  -4.0025277e-02  -2.1515987e-08
  -4.0719850e-02   1.6953921e-08
  -4.1414423e-02   4.6119482e-08
  -4.2108996e-02  -9.7973007e-10
  -4.2803568e-02  -2.7340619e-08
  -4.3498141e-02  -2.3168755e-08
  -4.4192714e-02  -2.7726075e-08
  -4.5416718e-02  -2.8475114e-07
  -4.6640722e-02  -4.3605566e-07
  -4.7864726e-02  -3.3965898e-07
  -4.9088730e-02  -6.6222173e-07
  -4.9887479e-02  -1.5045301e-06
  -5.0686228e-02  -2.5094499e-06
  -5.1484977e-02  -3.7574444e-06
  -5.2283726e-02  -5.9837247e-06
  -5.3082475e-02  -1.0041530e-05
  -5.3881224e-02  -1.6256029e-05
  -5.4679973e-02  -2.6042565e-05
  -5.5478722e-02  -4.2124136e-05
  -5.6032033e-02  -5.8941774e-05
  -5.6585345e-02  -8.2281844e-05
  -5.7138656e-02  -1.1479116e-04
  -5.7691968e-02  -1.6016703e-04
  -5.8101157e-02  -2.0485920e-04
  -5.8510347e-02  -2.6190977e-04
  -5.8919537e-02  -3.3474311e-04
  -5.9328726e-02  -4.2771861e-04
  -5.9655696e-02  -5.2009649e-04
  -5.9982665e-02  -6.3217203e-04
  -6.0309634e-02  -7.6805509e-04
  -6.0636604e-02  -9.3269156e-04
  -6.0963573e-02  -1.1319565e-03
  -6.1290543e-02  -1.3727047e-03
  -6.1617512e-02  -1.6630924e-03
  -6.1944481e-02  -2.0127301e-03
  -6.2221362e-02  -2.3633254e-03
  -6.2498242e-02  -2.7718843e-03
  -6.2775123e-02  -3.2467990e-03
  -6.3052003e-02  -3.7973509e-03
  -6.3290558e-02  -4.3400096e-03
  -6.3529112e-02  -4.9529004e-03
  -6.3767667e-02  -5.6428388e-03
  -6.4006221e-02  -6.4167497e-03
  -6.4219819e-02  -7.1865223e-03
  -6.4433417e-02  -8.0334747e-03
  -6.4647014e-02  -8.9614547e-03
  -6.4860612e-02  -9.9736523e-03
  -6.5058570e-02  -1.0988920e-02
  -6.5256528e-02  -1.2079062e-02
  -6.5454486e-02  -1.3243436e-02
  -6.5652445e-02  -1.4480126e-02
  -6.5840969e-02  -1.5721995e-02
  -6.6029493e-02  -1.7021580e-02
  -6.6218018e-02  -1.8372514e-02
  -6.6406542e-02  -1.9766942e-02
  -6.6589512e-02  -2.1152944e-02
  -6.6772482e-02  -2.2560426e-02
  -6.6955452e-02  -2.3977477e-02
  -6.7138422e-02  -2.5391212e-02
  -6.7317303e-02  -2.6756868e-02
  -6.7496184e-02  -2.8091853e-02
  -6.7675064e-02  -2.9381615e-02
  -6.7853945e-02  -3.0611871e-02
  -6.8027798e-02  -3.1737245e-02
  -6.8201650e-02  -3.2780105e-02
  -6.8375503e-02  -3.3728370e-02
  -6.8549355e-02  -3.4571531e-02
  -6.8716440e-02  -3.5274359e-02
  -6.8883525e-02  -3.5864157e-02
  -6.9050610e-02  -3.6335067e-02
  -6.9217696e-02  -3.6683327e-02
  -6.9377758e-02  -3.6900030e-02
  -6.9537821e-02  -3.7001099e-02
  -6.9697883e-02  -3.6986910e-02
  -6.9857946e-02  -3.6859659e-02
  -7.0012538e-02  -3.6632736e-02
  -7.0167131e-02  -3.6307053e-02
  -7.0321723e-02  -3.5887106e-02
  -7.0476316e-02  -3.5378623e-02
  -7.0627702e-02  -3.4801123e-02
  -7.0779087e-02  -3.4150796e-02
  -7.0930473e-02  -3.3434057e-02
  -7.1081859e-02  -3.2657987e-02
  -7.1232262e-02  -3.1835440e-02
  -7.1382665e-02  -3.0968130e-02
  -7.1533068e-02  -3.0062760e-02
  -7.1683470e-02  -2.9126273e-02
  -7.1834899e-02  -2.8158860e-02
  -7.1986328e-02  -2.7172906e-02
  -7.2137757e-02  -2.6174347e-02
  -7.2289186e-02  -2.5169079e-02
  -7.2443492e-02  -2.4143560e-02
  -7.2597797e-02  -2.3121727e-02
  -7.2752103e-02  -2.2108151e-02
  -7.2906409e-02  -2.1107216e-02
  -7.3065380e-02  -2.0093405e-02
  -7.3224352e-02  -1.9100519e-02
  -7.3383323e-02  -1.8131509e-02
  -7.3542294e-02  -1.7189101e-02
  -7.3707750e-02  -1.6238967e-02
  -7.3873205e-02  -1.5321788e-02
  -7.4038660e-02  -1.4438896e-02
  -7.4204115e-02  -1.3591424e-02
  -7.4377976e-02  -1.2739897e-02
  -7.4551837e-02  -1.1928449e-02
  -7.4725699e-02  -1.1156959e-02
  -7.4899560e-02  -1.0425189e-02
  -7.5083921e-02  -9.6920610e-03
  -7.5268282e-02  -9.0018594e-03
  -7.5452643e-02  -8.3532902e-03
  -7.5637004e-02  -7.7450400e-03
  -7.5834186e-02  -7.1374698e-03
  -7.6031367e-02  -6.5722140e-03
  -7.6228549e-02  -6.0471322e-03
  -7.6425731e-02  -5.5601647e-03
  -7.6638338e-02  -5.0754199e-03
  -7.6850944e-02  -4.6297993e-03
  -7.7063551e-02  -4.2206532e-03
  -7.7276158e-02  -3.8454975e-03
  -7.7507133e-02  -3.4736579e-03
  -7.7738109e-02  -3.1360460e-03
  -7.7969084e-02  -2.8298151e-03
  -7.8200059e-02  -2.5523431e-03
  -7.8452759e-02  -2.2788161e-03
  -7.8705459e-02  -2.0337185e-03
  -7.8958158e-02  -1.8142696e-03
  -7.9210858e-02  -1.6179418e-03
  -7.9489163e-02  -1.4257099e-03
  -7.9767469e-02  -1.2559030e-03
  -8.0045774e-02  -1.1060040e-03
  -8.0324079e-02  -9.7374826e-04
  -8.0632591e-02  -8.4530095e-04
  -8.0941104e-02  -7.3362217e-04
  -8.1249616e-02  -6.3658321e-04
  -8.1558129e-02  -5.5228264e-04
  -8.1891846e-02  -4.7350545e-04
  -8.2225564e-02  -4.0590347e-04
  -8.2559282e-02  -3.4792999e-04
  -8.2893000e-02  -2.9820559e-04
  -8.3260324e-02  -2.5158603e-04
  -8.3627649e-02  -2.1223599e-04
  -8.3994973e-02  -1.7905218e-04
  -8.4362297e-02  -1.5105021e-04
  -8.4772502e-02  -1.2487706e-04
  -8.5182707e-02  -1.0323516e-04
  -8.5592913e-02  -8.5367229e-05
  -8.6003118e-02  -7.0593919e-05
  -8.6468202e-02  -5.6872624e-05
  -8.6933286e-02  -4.5818546e-05
  -8.7398370e-02  -3.6939114e-05
  -8.7863454e-02  -2.9785512e-05
  -8.8399744e-02  -2.3202652e-05
  -8.8936033e-02  -1.8075177e-05
  -8.9472323e-02  -1.4106047e-05
  -9.0008613e-02  -1.1014721e-05
  -9.0639658e-02  -8.2011615e-06
  -9.1270703e-02  -6.1056820e-06
  -9.1901748e-02  -4.5668705e-06
  -9.2532793e-02  -3.4226877e-06
  -9.3295644e-02  -2.3998599e-06
  -9.4058494e-02  -1.6790184e-06
  -9.4821344e-02  -1.1735544e-06
  -9.5584194e-02  -8.2658481e-07
  -9.6557333e-02  -9.1923551e-07
  -9.7530472e-02  -7.9943825e-07
  -9.8503611e-02   1.2750525e-09
  -9.9476751e-02   3.5557974e-07
  -9.9927786e-02   4.9577887e-08
  -1.0037882e-01  -8.9148940e-08
  -1.0082986e-01  -3.6991539e-09
  -1.0128089e-01   7.3383611e-08
  -1.0173193e-01  -6.2051757e-09
  -1.0218297e-01  -4.0632014e-08
  -1.0263400e-01  -1.4076975e-08
  -1.0308504e-01   9.6007966e-09
  -1.0373532e-01  -7.2397365e-08
  -1.0438560e-01  -9.5873955e-08
  -1.0503588e-01   9.7840278e-09
  -1.0568616e-01   7.3687365e-08
  -1.0647888e-01  -4.6997850e-07
  -1.0727159e-01  -6.0917343e-07
  -1.0806431e-01   2.0232853e-07
  -1.0885702e-01   6.1780923e-07
  -1.0931168e-01   2.0408614e-07
  -1.0976634e-01   5.1907312e-09
  -1.1022100e-01   9.4496929e-08
  -1.1067566e-01   1.7532132e-07
  -1.1113031e-01   5.7772000e-08
  -1.1158497e-01   1.2791681e-09
  -1.1203963e-01   2.6702984e-08
  -1.1249429e-01   4.9708809e-08
  -1.1311537e-01  -4.4022190e-08
  -1.1373645e-01  -7.6092901e-08
  -1.1435752e-01   2.0075881e-08
  -1.1497860e-01   7.9794590e-08
  -1.1573805e-01  -3.3561241e-07
  -1.1649751e-01  -4.4835154e-07
  -1.1725696e-01   1.4306868e-07
  -1.1801642e-01   4.5685136e-07
  -1.1849836e-01   1.0583704e-07
  -1.1898030e-01  -5.3669654e-08
  -1.1946224e-01   7.0132932e-08
  -1.1994418e-01   1.6879324e-07
  -1.2042612e-01   3.9102729e-08
  -1.2090806e-01  -1.9830919e-08
  -1.2139000e-01   2.5911352e-08
  -1.2187194e-01   6.2364270e-08
  -1.2249296e-01  -5.4418833e-08
  -1.2311398e-01  -9.4428991e-08
  -1.2373500e-01   2.5179356e-08
  -1.2435602e-01   9.9450504e-08
  -1.2508290e-01  -3.0691099e-07
  -1.2580979e-01  -4.2294879e-07
  -1.2653667e-01   1.2722620e-07
  -1.2726355e-01   4.2971931e-07
  -1.2775458e-01   8.2821633e-08
  -1.2824561e-01  -7.1828110e-08
  -1.2873665e-01   6.6831423e-08
  -1.2922768e-01   1.7423298e-07
  -1.2971871e-01   3.3580305e-08
  -1.3020975e-01  -2.9124001e-08
  -1.3070078e-01   2.7097018e-08
  -1.3119181e-01   7.0644305e-08
  -1.3180715e-01  -5.6365014e-08
  -1.3242250e-01  -1.0034578e-07
  -1.3303784e-01   2.6837612e-08
  -1.3365319e-01   1.0637052e-07
  -1.3436333e-01  -2.7745221e-07
  -1.3507348e-01  -3.9004045e-07
  -1.3578363e-01   1.1391768e-07
  -1.3649378e-01   3.9617347e-07
  -1.3699367e-01   6.0104551e-08
  -1.3749356e-01  -8.6946876e-08
  -1.3799345e-01   6.2869232e-08
  -1.3849333e-01   1.7615711e-07
  -1.3899322e-01   2.6724872e-08
  -1.3949311e-01  -3.8661406e-08
  -1.3999300e-01   2.7954307e-08
  -1.4049289e-01   7.8327896e-08
  -1.4110519e-01  -5.9472387e-08
  -1.4171749e-01  -1.0746535e-07
  -1.4232979e-01   2.8808731e-08
  -1.4294209e-01   1.1435193e-07
  -1.4363834e-01  -2.5774245e-07
  -1.4433458e-01  -3.6941010e-07
  -1.4503082e-01   1.0541108e-07
  -1.4572707e-01   3.7550292e-07
  -1.4635757e-01  -3.7735729e-07
  -1.4698807e-01  -6.3079047e-07
  -1.4761858e-01   1.6803740e-07
  -1.4824908e-01   6.5835791e-07
  -1.4875533e-01   7.9171842e-08
  -1.4926158e-01  -1.7088371e-07
  -1.4976783e-01   1.0651062e-07
  -1.5027407e-01   3.1303595e-07
  -1.5074353e-01   8.7794030e-08
  -1.5121299e-01  -1.7275402e-08
  -1.5168245e-01   4.7799151e-08
  -1.5215191e-01   1.0220965e-07
  -1.5270294e-01  -1.6153235e-08
  -1.5325398e-01  -6.2695136e-08
  -1.5380501e-01   2.1179867e-08
  -1.5435605e-01   7.8525562e-08
  -1.5502819e-01  -1.3514985e-07
  -1.5570034e-01  -2.0193895e-07
  -1.5637249e-01   5.5606759e-08
  -1.5704463e-01   2.0615292e-07
  -1.5772887e-01  -4.0740940e-07
  -1.5841311e-01  -5.9527886e-07
  -1.5909735e-01   1.6672072e-07
  -1.5978159e-01   6.0606148e-07
  -1.6034383e-01  -1.4918442e-07
  -1.6090608e-01  -4.3942983e-07
  -1.6146833e-01   1.3732047e-07
  -1.6203057e-01   5.2487142e-07
  -1.6249982e-01   1.4760618e-07
  -1.6296908e-01  -2.8453582e-08
  -1.6343833e-01   8.0147698e-08
  -1.6390758e-01   1.7103427e-07
  -1.6440453e-01   2.8333001e-08
  -1.6490149e-01  -3.4495607e-08
  -1.6539844e-01   2.6937764e-08
  -1.6589540e-01   7.3748122e-08
  -1.6651188e-01  -5.9929952e-08
  -1.6712837e-01  -1.0612021e-07
  -1.6774486e-01   2.8361422e-08
  -1.6836135e-01   1.1233828e-07
  -1.6906519e-01  -2.7443378e-07
  -1.6976902e-01  -3.8906211e-07
  -1.7047286e-01   1.1241829e-07
  -1.7117670e-01   3.9526515e-07
  -1.7167764e-01   5.7943685e-08
  -1.7217859e-01  -8.9326746e-08
  -1.7267954e-01   6.2909052e-08
  -1.7318049e-01   1.7771896e-07
  -1.7368143e-01   2.6052203e-08
  -1.7418238e-01  -4.0163863e-08
  -1.7468333e-01   2.8284869e-08
  -1.7518428e-01   7.9906204e-08
  -1.7579530e-01  -5.9395342e-08
  -1.7640632e-01  -1.0802927e-07
  -1.7701734e-01   2.8993273e-08
  -1.7762836e-01   1.1514516e-07
  -1.7832208e-01  -2.5258671e-07
  -1.7901581e-01  -3.6340750e-07
  -1.7970954e-01   1.0328006e-07
  -1.8040326e-01   3.6949525e-07
  -1.8103333e-01  -3.6897105e-07
  -1.8166339e-01  -6.1775994e-07
  -1.8229346e-01   1.6455925e-07
  -1.8292352e-01   6.4500193e-07
  -1.8343147e-01   7.1951634e-08
  -1.8393942e-01  -1.7457095e-07
  -1.8444736e-01   1.0496058e-07
  -1.8495531e-01   3.1225733e-07
  -1.8542645e-01   8.5619394e-08
  -1.8589759e-01  -1.9730298e-08
  -1.8636873e-01   4.7678516e-08
  -1.8683987e-01   1.0363395e-07
  -1.8739088e-01  -1.6363169e-08
  -1.8794190e-01  -6.3549567e-08
  -1.8849291e-01   2.1471847e-08
  -1.8904393e-01   7.9603160e-08
  -1.8971422e-01  -1.3405310e-07
  -1.9038451e-01  -2.0104995e-07
  -1.9105481e-01   5.5229723e-08
  -1.9172510e-01   2.0535388e-07
  -1.9240783e-01  -3.9900884e-07
  -1.9309055e-01  -5.8453516e-07
  -1.9377328e-01   1.6334645e-07
  -1.9445601e-01   5.9528550e-07
  -1.9501892e-01  -1.4983284e-07
  -1.9558184e-01  -4.3579657e-07
  -1.9614476e-01   1.3564007e-07
  -1.9670767e-01   5.1923508e-07
  -1.9717852e-01   1.4294502e-07
  -1.9764936e-01  -3.2075781e-08
  -1.9812021e-01   7.9281674e-08
  -1.9859105e-01   1.7183361e-07
  -1.9908883e-01   2.7800041e-08
  -1.9958660e-01  -3.5505294e-08
  -2.0008438e-01   2.7118536e-08
  -2.0058216e-01   7.4732636e-08
  -2.0119791e-01  -6.0022780e-08
  -2.0181367e-01  -1.0664961e-07
  -2.0242943e-01   2.8515984e-08
  -2.0304518e-01   1.1299701e-07
  -2.0374730e-01  -2.7110848e-07
  -2.0444942e-01  -3.8526783e-07
  -2.0515154e-01   1.1100260e-07
  -2.0585366e-01   3.9144722e-07
  -2.0635565e-01   5.5404169e-08
  -2.0685763e-01  -9.0987844e-08
  -2.0735961e-01   6.2487067e-08
  -2.0786160e-01   1.7793269e-07
  -2.0836358e-01   2.5183598e-08
  -2.0886557e-01  -4.1359420e-08
  -2.0936755e-01   2.8403283e-08
  -2.0986953e-01   8.0879754e-08
  -2.1048021e-01  -5.9775165e-08
  -2.1109089e-01  -1.0891366e-07
  -2.1170156e-01   2.9240179e-08
  -2.1231224e-01   1.1614101e-07
  -2.1300436e-01  -2.5036039e-07
  -2.1369647e-01  -3.6110703e-07
  -2.1438859e-01   1.0236469e-07
  -2.1508071e-01   3.6722367e-07
  -2.1570997e-01  -3.6242685e-07
  -2.1633922e-01  -6.0861214e-07
  -2.1696848e-01   1.6211366e-07
  -2.1759774e-01   6.3590016e-07
  -2.1810643e-01   6.8487606e-08
  -2.1861512e-01  -1.7522761e-07
  -2.1912381e-01   1.0375359e-07
  -2.1963250e-01   3.1029024e-07
  -2.2010487e-01   8.3636622e-08
  -2.2057724e-01  -2.1448932e-08
  -2.2104962e-01   4.7383953e-08
  -2.2152199e-01   1.0422869e-07
  -2.2207348e-01  -1.6833572e-08
  -2.2262498e-01  -6.4391774e-08
  -2.2317648e-01   2.1673770e-08
  -2.2372797e-01   8.0473891e-08
  -2.2439740e-01  -1.3414441e-07
  -2.2506683e-01  -2.0154336e-07
  -2.2573626e-01   5.5304806e-08
  -2.2640569e-01   2.0591086e-07
  -2.2708710e-01  -3.9418079e-07
  -2.2776850e-01  -5.7880870e-07
  -2.2844991e-01   1.6143498e-07
  -2.2913132e-01   5.8960271e-07
  -2.2969413e-01  -1.4791167e-07
  -2.3025695e-01  -4.3101490e-07
  -2.3081976e-01   1.3423167e-07
  -2.3138258e-01   5.1372844e-07
  -2.3185434e-01   1.3965549e-07
  -2.3232610e-01  -3.4000121e-08
  -2.3279787e-01   7.8445291e-08
  -2.3326963e-01   1.7154077e-07
  -2.3376832e-01   2.7006210e-08
  -2.3426702e-01  -3.6396588e-08
  -2.3476571e-01   2.7135693e-08
  -2.3526441e-01   7.5325242e-08
  -2.3588020e-01  -6.0532009e-08
  -2.3649599e-01  -1.0753704e-07
  -2.3711178e-01   2.8752629e-08
  -2.3772757e-01   1.1393259e-07
  -2.3842857e-01  -2.7015510e-07
  -2.3912958e-01  -3.8451877e-07
  -2.3983058e-01   1.1058157e-07
  -2.4053159e-01   3.9071339e-07
  -2.4103388e-01   5.4706666e-08
  -2.4153617e-01  -9.1574019e-08
  -2.4203847e-01   6.2426680e-08
  -2.4254076e-01   1.7817921e-07
  -2.4304306e-01   2.4947767e-08
  -2.4354535e-01  -4.1761826e-08
  -2.4404764e-01   2.8468518e-08
  -2.4454994e-01   8.1256347e-08
  -2.4516038e-01  -5.9824993e-08
  -2.4577083e-01  -1.0913381e-07
  -2.4638128e-01   2.9305751e-08
  -2.4699173e-01   1.1641135e-07
  -2.4774380e-01  -4.5670386e-07
  -2.4849587e-01  -6.1403853e-07
  -2.4924793e-01   1.9338083e-07
  -2.5000000e-01   6.2522436e-07
