  -0.0000000e+00   6.8965921e-04
  -6.2500000e-03   6.8965921e-04
  -1.2500000e-02   6.8965921e-04
  -1.8750000e-02   6.8965921e-04
  -2.5000000e-02   6.8965921e-04
  -2.8409033e-02   6.8965929e-04
  -3.1818066e-02   6.8965929e-04
  -3.5227099e-02   6.8965913e-04
  -3.8636132e-02   6.8965913e-04
  -3.9330704e-02   6.8965919e-04
  -4.0025277e-02   6.8965921e-04
  -4.0719850e-02   6.8965919e-04
  -4.1414423e-02   6.8965917e-04
  -4.2108996e-02   6.8965919e-04
  -4.2803568e-02   6.8965919e-04
  -4.3498141e-02   6.8965917e-04
  -4.4192714e-02   6.8965915e-04
  -4.5416718e-02   6.8965921e-04
  -4.6640722e-02   6.8965915e-04
  -4.7864726e-02   6.8965878e-04
  -4.9088730e-02   6.8965828e-04
  -4.9887479e-02   6.8965793e-04
  -5.0686228e-02   6.8965720e-04
  -5.1484977e-02   6.8965580e-04
  -5.2283726e-02   6.8965362e-04
  -5.3082475e-02   6.8965034e-04
  -5.3881224e-02   6.8964495e-04
  -5.4679973e-02   6.8963602e-04
  -5.5478722e-02   6.8962158e-04
  -5.6032033e-02   6.8960674e-04
  -5.6585345e-02   6.8958606e-04
  -5.7138656e-02   6.8955715e-04
  -5.7691968e-02   6.8951676e-04
  -5.8101157e-02   6.8947696e-04
  -5.8510347e-02   6.8942610e-04
  -5.8919537e-02   6.8936108e-04
  -5.9328726e-02   6.8927794e-04
  -5.9655696e-02   6.8919519e-04
  -5.9982665e-02   6.8909460e-04
  -6.0309634e-02   6.8897235e-04
  -6.0636604e-02   6.8882379e-04
  -6.0963573e-02   6.8864336e-04
  -6.1290543e-02   6.8842444e-04
  -6.1617512e-02   6.8815898e-04
  -6.1944481e-02   6.8783732e-04
  -6.2221362e-02   6.8751257e-04
  -6.2498242e-02   6.8713125e-04
  -6.2775123e-02   6.8668397e-04
  -6.3052003e-02   6.8615997e-04
  -6.3290558e-02   6.8563767e-04
  -6.3529112e-02   6.8504055e-04
  -6.3767667e-02   6.8435890e-04
  -6.4006221e-02   6.8358199e-04
  -6.4219819e-02   6.8279597e-04
  -6.4433417e-02   6.8191514e-04
  -6.4647014e-02   6.8092984e-04
  -6.4860612e-02   6.7982989e-04
  -6.5058570e-02   6.7869886e-04
  -6.5256528e-02   6.7745141e-04
  -6.5454486e-02   6.7607863e-04
  -6.5652445e-02   6.7457160e-04
  -6.5840969e-02   6.7300352e-04
  -6.6029493e-02   6.7129820e-04
  -6.6218018e-02   6.6944856e-04
  -6.6406542e-02   6.6744819e-04
  -6.6589512e-02   6.6535718e-04
  -6.6772482e-02   6.6311417e-04
  -6.6955452e-02   6.6071555e-04
  -6.7138422e-02   6.5815897e-04
  -6.7317303e-02   6.5550574e-04
  -6.7496184e-02   6.5270040e-04
  -6.7675064e-02   6.4974431e-04
  -6.7853945e-02   6.4664046e-04
  -6.8027798e-02   6.4348650e-04
  -6.8201650e-02   6.4020228e-04
  -6.8375503e-02   6.3679429e-04
  -6.8549355e-02   6.3327052e-04
  -6.8716440e-02   6.2978343e-04
  -6.8883525e-02   6.2620678e-04
  -6.9050610e-02   6.2255031e-04
  -6.9217696e-02   6.1882479e-04
  -6.9377758e-02   6.1520172e-04
  -6.9537821e-02   6.1153596e-04
  -6.9697883e-02   6.0783802e-04
  -6.9857946e-02   6.0411888e-04
  -7.0012538e-02   6.0051716e-04
  -7.0167131e-02   5.9691564e-04
  -7.0321723e-02   5.9332389e-04
  -7.0476316e-02   5.8975148e-04
  -7.0627702e-02   5.8628090e-04
  -7.0779087e-02   5.8284587e-04
  -7.0930473e-02   5.7945414e-04
  -7.1081859e-02   5.7611317e-04
  -7.1232262e-02   5.7285111e-04
  -7.1382665e-02   5.6965208e-04
  -7.1533068e-02   5.6652162e-04
  -7.1683470e-02   5.6346488e-04
  -7.1834899e-02   5.6046638e-04
  -7.1986328e-02   5.5755099e-04
  -7.2137757e-02   5.5472197e-04
  -7.2289186e-02   5.5198210e-04
  -7.2443492e-02   5.4928421e-04
  -7.2597797e-02   5.4668273e-04
  -7.2752103e-02   5.4417866e-04
  -7.2906409e-02   5.4177263e-04
  -7.3065380e-02   5.3939648e-04
  -7.3224352e-02   5.3712389e-04
  -7.3383323e-02   5.3495383e-04
  -7.3542294e-02   5.3288499e-04
  -7.3707750e-02   5.3083742e-04
  -7.3873205e-02   5.2889516e-04
  -7.4038660e-02   5.2705544e-04
  -7.4204115e-02   5.2531534e-04
  -7.4377976e-02   5.2359071e-04
  -7.4551837e-02   5.2196855e-04
  -7.4725699e-02   5.2044473e-04
  -7.4899560e-02   5.1901510e-04
  -7.5083921e-02   5.1759730e-04
  -7.5268282e-02   5.1627547e-04
  -7.5452643e-02   5.1504449e-04
  -7.5637004e-02   5.1389937e-04
  -7.5834186e-02   5.1276409e-04
  -7.6031367e-02   5.1171551e-04
  -7.6228549e-02   5.1074794e-04
  -7.6425731e-02   5.0985595e-04
  -7.6638338e-02   5.0897287e-04
  -7.6850944e-02   5.0816538e-04
  -7.7063551e-02   5.0742763e-04
  -7.7276158e-02   5.0675408e-04
  -7.7507133e-02   5.0608909e-04
  -7.7738109e-02   5.0548763e-04
  -7.7969084e-02   5.0494402e-04
  -7.8200059e-02   5.0445297e-04
  -7.8452759e-02   5.0397020e-04
  -7.8705459e-02   5.0353878e-04
  -7.8958158e-02   5.0315348e-04
  -7.9210858e-02   5.0280951e-04
  -7.9489163e-02   5.0247331e-04
  -7.9767469e-02   5.0217688e-04
  -8.0045774e-02   5.0191566e-04
  -8.0324079e-02   5.0168551e-04
  -8.0632591e-02   5.0146223e-04
  -8.0941104e-02   5.0126834e-04
  -8.1249616e-02   5.0110007e-04
  -8.1558129e-02   5.0095401e-04
  -8.1891846e-02   5.0081761e-04
  -8.2225564e-02   5.0070064e-04
  -8.2559282e-02   5.0060041e-04
  -8.2893000e-02   5.0051449e-04
  -8.3260324e-02   5.0043395e-04
  -8.3627649e-02   5.0036600e-04
  -8.3994973e-02   5.0030873e-04
  -8.4362297e-02   5.0026042e-04
  -8.4772502e-02   5.0021526e-04
  -8.5182707e-02   5.0017794e-04
  -8.5592913e-02   5.0014713e-04
  -8.6003118e-02   5.0012166e-04
  -8.6468202e-02   5.0009800e-04
  -8.6933286e-02   5.0007895e-04
  -8.7398370e-02   5.0006365e-04
  -8.7863454e-02   5.0005132e-04
  -8.8399744e-02   5.0003998e-04
  -8.8936033e-02   5.0003114e-04
  -8.9472323e-02   5.0002430e-04
  -9.0008613e-02   5.0001898e-04
  -9.0639658e-02   5.0001413e-04
  -9.1270703e-02   5.0001052e-04
  -9.1901748e-02   5.0000787e-04
  -9.2532793e-02   5.0000590e-04
  -9.3295644e-02   5.0000412e-04
  -9.4058494e-02   5.0000287e-04
  -9.4821344e-02   5.0000203e-04
  -9.5584194e-02   5.0000145e-04
  -9.6557333e-02   5.0000112e-04
  -9.7530472e-02   5.0000081e-04
  -9.8503611e-02   5.0000025e-04
  -9.9476751e-02   4.9999998e-04
  -9.9927786e-02   5.0000012e-04
  -1.0037882e-01   5.0000017e-04
  -1.0082986e-01   5.0000010e-04
  -1.0128089e-01   5.0000004e-04
  -1.0173193e-01   5.0000007e-04
  -1.0218297e-01   5.0000007e-04
  -1.0263400e-01   5.0000005e-04
  -1.0308504e-01   5.0000003e-04
  -1.0373532e-01   5.0000007e-04
  -1.0438560e-01   5.0000007e-04
  -1.0503588e-01   5.0000001e-04
  -1.0568616e-01   4.9999997e-04
  -1.0647888e-01   5.0000027e-04
  -1.0727159e-01   5.0000034e-04
  -1.0806431e-01   4.9999989e-04
  -1.0885702e-01   4.9999966e-04
  -1.0931168e-01   4.9999989e-04
  -1.0976634e-01   5.0000000e-04
  -1.1022100e-01   4.9999995e-04
  -1.1067566e-01   4.9999990e-04
  -1.1113031e-01   4.9999997e-04
  -1.1158497e-01   5.0000000e-04
  -1.1203963e-01   4.9999999e-04
  -1.1249429e-01   4.9999997e-04
  -1.1311537e-01   5.0000002e-04
  -1.1373645e-01   5.0000004e-04
  -1.1435752e-01   4.9999999e-04
  -1.1497860e-01   4.9999996e-04
  -1.1573805e-01   5.0000019e-04
  -1.1649751e-01   5.0000025e-04
  -1.1725696e-01   4.9999992e-04
  -1.1801642e-01   4.9999975e-04
  -1.1849836e-01   4.9999994e-04
  -1.1898030e-01   5.0000003e-04
  -1.1946224e-01   4.9999996e-04
  -1.1994418e-01   4.9999991e-04
  -1.2042612e-01   4.9999998e-04
  -1.2090806e-01   5.0000001e-04
  -1.2139000e-01   4.9999999e-04
  -1.2187194e-01   4.9999997e-04
  -1.2249296e-01   5.0000003e-04
  -1.2311398e-01   5.0000005e-04
  -1.2373500e-01   4.9999999e-04
  -1.2435602e-01   4.9999994e-04
  -1.2508290e-01   5.0000017e-04
  -1.2580979e-01   5.0000024e-04
  -1.2653667e-01   4.9999993e-04
  -1.2726355e-01   4.9999976e-04
  -1.2775458e-01   4.9999995e-04
  -1.2824561e-01   5.0000004e-04
  -1.2873665e-01   4.9999996e-04
  -1.2922768e-01   4.9999990e-04
  -1.2971871e-01   4.9999998e-04
  -1.3020975e-01   5.0000002e-04
  -1.3070078e-01   4.9999998e-04
  -1.3119181e-01   4.9999996e-04
  -1.3180715e-01   5.0000003e-04
  -1.3242250e-01   5.0000006e-04
  -1.3303784e-01   4.9999999e-04
  -1.3365319e-01   4.9999994e-04
  -1.3436333e-01   5.0000015e-04
  -1.3507348e-01   5.0000022e-04
  -1.3578363e-01   4.9999994e-04
  -1.3649378e-01   4.9999978e-04
  -1.3699367e-01   4.9999997e-04
  -1.3749356e-01   5.0000005e-04
  -1.3799345e-01   4.9999996e-04
  -1.3849333e-01   4.9999990e-04
  -1.3899322e-01   4.9999999e-04
  -1.3949311e-01   5.0000002e-04
  -1.3999300e-01   4.9999998e-04
  -1.4049289e-01   4.9999996e-04
  -1.4110519e-01   5.0000003e-04
  -1.4171749e-01   5.0000006e-04
  -1.4232979e-01   4.9999998e-04
  -1.4294209e-01   4.9999994e-04
  -1.4363834e-01   5.0000014e-04
  -1.4433458e-01   5.0000021e-04
  -1.4503082e-01   4.9999994e-04
  -1.4572707e-01   4.9999979e-04
  -1.4635757e-01   5.0000021e-04
  -1.4698807e-01   5.0000035e-04
  -1.4761858e-01   4.9999991e-04
  -1.4824908e-01   4.9999963e-04
  -1.4875533e-01   4.9999996e-04
  -1.4926158e-01   5.0000010e-04
  -1.4976783e-01   4.9999994e-04
  -1.5027407e-01   4.9999983e-04
  -1.5074353e-01   4.9999995e-04
  -1.5121299e-01   5.0000001e-04
  -1.5168245e-01   4.9999997e-04
  -1.5215191e-01   4.9999994e-04
  -1.5270294e-01   5.0000001e-04
  -1.5325398e-01   5.0000003e-04
  -1.5380501e-01   4.9999999e-04
  -1.5435605e-01   4.9999996e-04
  -1.5502819e-01   5.0000008e-04
  -1.5570034e-01   5.0000011e-04
  -1.5637249e-01   4.9999997e-04
  -1.5704463e-01   4.9999989e-04
  -1.5772887e-01   5.0000023e-04
  -1.5841311e-01   5.0000033e-04
  -1.5909735e-01   4.9999991e-04
  -1.5978159e-01   4.9999966e-04
  -1.6034383e-01   5.0000008e-04
  -1.6090608e-01   5.0000024e-04
  -1.6146833e-01   4.9999992e-04
  -1.6203057e-01   4.9999971e-04
  -1.6249982e-01   4.9999992e-04
  -1.6296908e-01   5.0000002e-04
  -1.6343833e-01   4.9999996e-04
  -1.6390758e-01   4.9999990e-04
  -1.6440453e-01   4.9999998e-04
  -1.6490149e-01   5.0000002e-04
  -1.6539844e-01   4.9999998e-04
  -1.6589540e-01   4.9999996e-04
  -1.6651188e-01   5.0000003e-04
  -1.6712837e-01   5.0000006e-04
  -1.6774486e-01   4.9999998e-04
  -1.6836135e-01   4.9999994e-04
  -1.6906519e-01   5.0000015e-04
  -1.6976902e-01   5.0000022e-04
  -1.7047286e-01   4.9999994e-04
  -1.7117670e-01   4.9999978e-04
  -1.7167764e-01   4.9999997e-04
  -1.7217859e-01   5.0000005e-04
  -1.7267954e-01   4.9999996e-04
  -1.7318049e-01   4.9999990e-04
  -1.7368143e-01   4.9999999e-04
  -1.7418238e-01   5.0000002e-04
  -1.7468333e-01   4.9999998e-04
  -1.7518428e-01   4.9999996e-04
  -1.7579530e-01   5.0000003e-04
  -1.7640632e-01   5.0000006e-04
  -1.7701734e-01   4.9999998e-04
  -1.7762836e-01   4.9999994e-04
  -1.7832208e-01   5.0000014e-04
  -1.7901581e-01   5.0000020e-04
  -1.7970954e-01   4.9999994e-04
  -1.8040326e-01   4.9999979e-04
  -1.8103333e-01   5.0000021e-04
  -1.8166339e-01   5.0000034e-04
  -1.8229346e-01   4.9999991e-04
  -1.8292352e-01   4.9999964e-04
  -1.8343147e-01   4.9999996e-04
  -1.8393942e-01   5.0000010e-04
  -1.8444736e-01   4.9999994e-04
  -1.8495531e-01   4.9999983e-04
  -1.8542645e-01   4.9999995e-04
  -1.8589759e-01   5.0000001e-04
  -1.8636873e-01   4.9999997e-04
  -1.8683987e-01   4.9999994e-04
  -1.8739088e-01   5.0000001e-04
  -1.8794190e-01   5.0000004e-04
  -1.8849291e-01   4.9999999e-04
  -1.8904393e-01   4.9999996e-04
  -1.8971422e-01   5.0000007e-04
  -1.9038451e-01   5.0000011e-04
  -1.9105481e-01   4.9999997e-04
  -1.9172510e-01   4.9999989e-04
  -1.9240783e-01   5.0000022e-04
  -1.9309055e-01   5.0000033e-04
  -1.9377328e-01   4.9999991e-04
  -1.9445601e-01   4.9999967e-04
  -1.9501892e-01   5.0000008e-04
  -1.9558184e-01   5.0000024e-04
  -1.9614476e-01   4.9999992e-04
  -1.9670767e-01   4.9999971e-04
  -1.9717852e-01   4.9999992e-04
  -1.9764936e-01   5.0000002e-04
  -1.9812021e-01   4.9999996e-04
  -1.9859105e-01   4.9999990e-04
  -1.9908883e-01   4.9999998e-04
  -1.9958660e-01   5.0000002e-04
  -2.0008438e-01   4.9999998e-04
  -2.0058216e-01   4.9999996e-04
  -2.0119791e-01   5.0000003e-04
  -2.0181367e-01   5.0000006e-04
  -2.0242943e-01   4.9999998e-04
  -2.0304518e-01   4.9999994e-04
  -2.0374730e-01   5.0000015e-04
  -2.0444942e-01   5.0000021e-04
  -2.0515154e-01   4.9999994e-04
  -2.0585366e-01   4.9999978e-04
  -2.0635565e-01   4.9999997e-04
  -2.0685763e-01   5.0000005e-04
  -2.0735961e-01   4.9999997e-04
  -2.0786160e-01   4.9999990e-04
  -2.0836358e-01   4.9999999e-04
  -2.0886557e-01   5.0000002e-04
  -2.0936755e-01   4.9999998e-04
  -2.0986953e-01   4.9999995e-04
  -2.1048021e-01   5.0000003e-04
  -2.1109089e-01   5.0000006e-04
  -2.1170156e-01   4.9999998e-04
  -2.1231224e-01   4.9999994e-04
  -2.1300436e-01   5.0000014e-04
  -2.1369647e-01   5.0000020e-04
  -2.1438859e-01   4.9999994e-04
  -2.1508071e-01   4.9999980e-04
  -2.1570997e-01   5.0000020e-04
  -2.1633922e-01   5.0000034e-04
  -2.1696848e-01   4.9999991e-04
  -2.1759774e-01   4.9999965e-04
  -2.1810643e-01   4.9999996e-04
  -2.1861512e-01   5.0000010e-04
  -2.1912381e-01   4.9999994e-04
  -2.1963250e-01   4.9999983e-04
  -2.2010487e-01   4.9999995e-04
  -2.2057724e-01   5.0000001e-04
  -2.2104962e-01   4.9999997e-04
  -2.2152199e-01   4.9999994e-04
  -2.2207348e-01   5.0000001e-04
  -2.2262498e-01   5.0000004e-04
  -2.2317648e-01   4.9999999e-04
  -2.2372797e-01   4.9999996e-04
  -2.2439740e-01   5.0000007e-04
  -2.2506683e-01   5.0000011e-04
  -2.2573626e-01   4.9999997e-04
  -2.2640569e-01   4.9999989e-04
  -2.2708710e-01   5.0000022e-04
  -2.2776850e-01   5.0000032e-04
  -2.2844991e-01   4.9999991e-04
  -2.2913132e-01   4.9999967e-04
  -2.2969413e-01   5.0000008e-04
  -2.3025695e-01   5.0000024e-04
  -2.3081976e-01   4.9999993e-04
  -2.3138258e-01   4.9999971e-04
  -2.3185434e-01   4.9999992e-04
  -2.3232610e-01   5.0000002e-04
  -2.3279787e-01   4.9999996e-04
  -2.3326963e-01   4.9999990e-04
  -2.3376832e-01   4.9999998e-04
  -2.3426702e-01   5.0000002e-04
  -2.3476571e-01   4.9999998e-04
  -2.3526441e-01   4.9999996e-04
  -2.3588020e-01   5.0000003e-04
  -2.3649599e-01   5.0000006e-04
  -2.3711178e-01   4.9999998e-04
  -2.3772757e-01   4.9999994e-04
  -2.3842857e-01   5.0000015e-04
  -2.3912958e-01   5.0000021e-04
  -2.3983058e-01   4.9999994e-04
  -2.4053159e-01   4.9999978e-04
  -2.4103388e-01   4.9999997e-04
  -2.4153617e-01   5.0000005e-04
  -2.4203847e-01   4.9999997e-04
  -2.4254076e-01   4.9999990e-04
  -2.4304306e-01   4.9999999e-04
  -2.4354535e-01   5.0000002e-04
  -2.4404764e-01   4.9999998e-04
  -2.4454994e-01   4.9999995e-04
  -2.4516038e-01   5.0000003e-04
  -2.4577083e-01   5.0000006e-04
  -2.4638128e-01   4.9999998e-04
  -2.4699173e-01   4.9999994e-04
  -2.4774380e-01   5.0000025e-04
  -2.4849587e-01   5.0000034e-04
  -2.4924793e-01   4.9999989e-04
  -2.5000000e-01   4.9999965e-04
