  -0.0000000e+00   1.7142857e+00
  -6.2500000e-03   1.7142857e+00
  -1.2500000e-02   1.7142857e+00
  -1.8750000e-02   1.7142857e+00
  -2.5000000e-02   1.7142857e+00
  -2.8409033e-02   1.7142854e+00
  -3.1818066e-02   1.7142854e+00
  -3.5227099e-02   1.7142860e+00
  -3.8636132e-02   1.7142860e+00
  -3.9330704e-02   1.7142858e+00
  -4.0025277e-02   1.7142856e+00
  -4.0719850e-02   1.7142857e+00
  -4.1414423e-02   1.7142857e+00
  -4.2108996e-02   1.7142856e+00
  -4.2803568e-02   1.7142855e+00
  -4.3498141e-02   1.7142855e+00
  -4.4192714e-02   1.7142853e+00
  -4.5416718e-02   1.7142845e+00
  -4.6640722e-02   1.7142836e+00
  -4.7864726e-02   1.7142823e+00
  -4.9088730e-02   1.7142785e+00
  -4.9887479e-02   1.7142733e+00
  -5.0686228e-02   1.7142656e+00
  -5.1484977e-02   1.7142537e+00
  -5.2283726e-02   1.7142340e+00
  -5.3082475e-02   1.7142012e+00
  -5.3881224e-02   1.7141494e+00
  -5.4679973e-02   1.7140657e+00
  -5.5478722e-02   1.7139292e+00
  -5.6032033e-02   1.7137878e+00
  -5.6585345e-02   1.7135911e+00
  -5.7138656e-02   1.7133167e+00
  -5.7691968e-02   1.7129336e+00
  -5.8101157e-02   1.7125563e+00
  -5.8510347e-02   1.7120746e+00
  -5.8919537e-02   1.7114594e+00
  -5.9328726e-02   1.7106738e+00
  -5.9655696e-02   1.7098930e+00
  -5.9982665e-02   1.7089453e+00
  -6.0309634e-02   1.7077958e+00
  -6.0636604e-02   1.7064023e+00
  -6.0963573e-02   1.7047146e+00
  -6.1290543e-02   1.7026738e+00
  -6.1617512e-02   1.7002095e+00
  -6.1944481e-02   1.6972386e+00
  -6.2221362e-02   1.6942555e+00
  -6.2498242e-02   1.6907737e+00
  -6.2775123e-02   1.6867183e+00
  -6.3052003e-02   1.6820062e+00
  -6.3290558e-02   1.6773499e+00
  -6.3529112e-02   1.6720762e+00
  -6.3767667e-02   1.6661195e+00
  -6.4006221e-02   1.6594113e+00
  -6.4219819e-02   1.6527100e+00
  -6.4433417e-02   1.6453008e+00
  -6.4647014e-02   1.6371361e+00
  -6.4860612e-02   1.6281709e+00
  -6.5058570e-02   1.6191116e+00
  -6.5256528e-02   1.6093024e+00
  -6.5454486e-02   1.5987223e+00
  -6.5652445e-02   1.5873575e+00
  -6.5840969e-02   1.5757991e+00
  -6.6029493e-02   1.5635273e+00
  -6.6218018e-02   1.5505546e+00
  -6.6406542e-02   1.5369025e+00
  -6.6589512e-02   1.5230319e+00
  -6.6772482e-02   1.5085878e+00
  -6.6955452e-02   1.4936157e+00
  -6.7138422e-02   1.4781688e+00
  -6.7317303e-02   1.4626650e+00
  -6.7496184e-02   1.4468265e+00
  -6.7675064e-02   1.4307197e+00
  -6.7853945e-02   1.4144133e+00
  -6.8027798e-02   1.3984409e+00
  -6.8201650e-02   1.3824131e+00
  -6.8375503e-02   1.3663954e+00
  -6.8549355e-02   1.3504507e+00
  -6.8716440e-02   1.3352517e+00
  -6.8883525e-02   1.3202279e+00
  -6.9050610e-02   1.3054272e+00
  -6.9217696e-02   1.2908929e+00
  -6.9377758e-02   1.2772552e+00
  -6.9537821e-02   1.2639294e+00
  -6.9697883e-02   1.2509427e+00
  -6.9857946e-02   1.2383180e+00
  -7.0012538e-02   1.2264860e+00
  -7.0167131e-02   1.2150242e+00
  -7.0321723e-02   1.2039441e+00
  -7.0476316e-02   1.1932536e+00
  -7.0627702e-02   1.1831672e+00
  -7.0779087e-02   1.1734628e+00
  -7.0930473e-02   1.1641415e+00
  -7.1081859e-02   1.1552017e+00
  -7.1232262e-02   1.1466946e+00
  -7.1382665e-02   1.1385571e+00
  -7.1533068e-02   1.1307837e+00
  -7.1683470e-02   1.1233673e+00
  -7.1834899e-02   1.1162528e+00
  -7.1986328e-02   1.1094835e+00
  -7.2137757e-02   1.1030501e+00
  -7.2289186e-02   1.0969423e+00
  -7.2443492e-02   1.0910420e+00
  -7.2597797e-02   1.0854572e+00
  -7.2752103e-02   1.0801763e+00
  -7.2906409e-02   1.0751870e+00
  -7.3065380e-02   1.0703389e+00
  -7.3224352e-02   1.0657743e+00
  -7.3383323e-02   1.0614806e+00
  -7.3542294e-02   1.0574445e+00
  -7.3707750e-02   1.0535035e+00
  -7.3873205e-02   1.0498139e+00
  -7.4038660e-02   1.0463624e+00
  -7.4204115e-02   1.0431356e+00
  -7.4377976e-02   1.0399726e+00
  -7.4551837e-02   1.0370295e+00
  -7.4725699e-02   1.0342929e+00
  -7.4899560e-02   1.0317495e+00
  -7.5083921e-02   1.0292494e+00
  -7.5268282e-02   1.0269388e+00
  -7.5452643e-02   1.0248045e+00
  -7.5637004e-02   1.0228339e+00
  -7.5834186e-02   1.0208939e+00
  -7.6031367e-02   1.0191142e+00
  -7.6228549e-02   1.0174826e+00
  -7.6425731e-02   1.0159871e+00
  -7.6638338e-02   1.0145145e+00
  -7.6850944e-02   1.0131750e+00
  -7.7063551e-02   1.0119572e+00
  -7.7276158e-02   1.0108503e+00
  -7.7507133e-02   1.0097617e+00
  -7.7738109e-02   1.0087810e+00
  -7.7969084e-02   1.0078979e+00
  -7.8200059e-02   1.0071027e+00
  -7.8452759e-02   1.0063231e+00
  -7.8705459e-02   1.0056285e+00
  -7.8958158e-02   1.0050097e+00
  -7.9210858e-02   1.0044586e+00
  -7.9489163e-02   1.0039209e+00
  -7.9767469e-02   1.0034478e+00
  -8.0045774e-02   1.0030317e+00
  -8.0324079e-02   1.0026656e+00
  -8.0632591e-02   1.0023109e+00
  -8.0941104e-02   1.0020032e+00
  -8.1249616e-02   1.0017366e+00
  -8.1558129e-02   1.0015054e+00
  -8.1891846e-02   1.0012896e+00
  -8.2225564e-02   1.0011047e+00
  -8.2559282e-02   1.0009464e+00
  -8.2893000e-02   1.0008107e+00
  -8.3260324e-02   1.0006836e+00
  -8.3627649e-02   1.0005765e+00
  -8.3994973e-02   1.0004862e+00
  -8.4362297e-02   1.0004100e+00
  -8.4772502e-02   1.0003389e+00
  -8.5182707e-02   1.0002801e+00
  -8.5592913e-02   1.0002316e+00
  -8.6003118e-02   1.0001915e+00
  -8.6468202e-02   1.0001542e+00
  -8.6933286e-02   1.0001242e+00
  -8.7398370e-02   1.0001002e+00
  -8.7863454e-02   1.0000808e+00
  -8.8399744e-02   1.0000629e+00
  -8.8936033e-02   1.0000490e+00
  -8.9472323e-02   1.0000382e+00
  -9.0008613e-02   1.0000299e+00
  -9.0639658e-02   1.0000222e+00
  -9.1270703e-02   1.0000165e+00
  -9.1901748e-02   1.0000124e+00
  -9.2532793e-02   1.0000093e+00
  -9.3295644e-02   1.0000064e+00
  -9.4058494e-02   1.0000045e+00
  -9.4821344e-02   1.0000032e+00
  -9.5584194e-02   1.0000023e+00
  -9.6557333e-02   1.0000007e+00
  -9.7530472e-02   1.0000001e+00
  -9.8503611e-02   1.0000009e+00
  -9.9476751e-02   1.0000013e+00
  -9.9927786e-02   1.0000006e+00
  -1.0037882e-01   1.0000003e+00
  -1.0082986e-01   1.0000004e+00
  -1.0128089e-01   1.0000004e+00
  -1.0173193e-01   1.0000002e+00
  -1.0218297e-01   1.0000001e+00
  -1.0263400e-01   1.0000001e+00
  -1.0308504e-01   1.0000001e+00
  -1.0373532e-01   9.9999997e-01
  -1.0438560e-01   9.9999991e-01
  -1.0503588e-01   1.0000001e+00
  -1.0568616e-01   1.0000002e+00
  -1.0647888e-01   9.9999925e-01
  -1.0727159e-01   9.9999901e-01
  -1.0806431e-01   1.0000003e+00
  -1.0885702e-01   1.0000010e+00
  -1.0931168e-01   1.0000003e+00
  -1.0976634e-01   1.0000000e+00
  -1.1022100e-01   1.0000002e+00
  -1.1067566e-01   1.0000003e+00
  -1.1113031e-01   1.0000001e+00
  -1.1158497e-01   1.0000000e+00
  -1.1203963e-01   1.0000000e+00
  -1.1249429e-01   1.0000001e+00
  -1.1311537e-01   9.9999993e-01
  -1.1373645e-01   9.9999987e-01
  -1.1435752e-01   1.0000000e+00
  -1.1497860e-01   1.0000001e+00
  -1.1573805e-01   9.9999944e-01
  -1.1649751e-01   9.9999926e-01
  -1.1725696e-01   1.0000002e+00
  -1.1801642e-01   1.0000008e+00
  -1.1849836e-01   1.0000002e+00
  -1.1898030e-01   9.9999991e-01
  -1.1946224e-01   1.0000001e+00
  -1.1994418e-01   1.0000003e+00
  -1.2042612e-01   1.0000001e+00
  -1.2090806e-01   9.9999997e-01
  -1.2139000e-01   1.0000000e+00
  -1.2187194e-01   1.0000001e+00
  -1.2249296e-01   9.9999991e-01
  -1.2311398e-01   9.9999984e-01
  -1.2373500e-01   1.0000000e+00
  -1.2435602e-01   1.0000002e+00
  -1.2508290e-01   9.9999949e-01
  -1.2580979e-01   9.9999930e-01
  -1.2653667e-01   1.0000002e+00
  -1.2726355e-01   1.0000007e+00
  -1.2775458e-01   1.0000001e+00
  -1.2824561e-01   9.9999988e-01
  -1.2873665e-01   1.0000001e+00
  -1.2922768e-01   1.0000003e+00
  -1.2971871e-01   1.0000001e+00
  -1.3020975e-01   9.9999995e-01
  -1.3070078e-01   1.0000000e+00
  -1.3119181e-01   1.0000001e+00
  -1.3180715e-01   9.9999991e-01
  -1.3242250e-01   9.9999983e-01
  -1.3303784e-01   1.0000000e+00
  -1.3365319e-01   1.0000002e+00
  -1.3436333e-01   9.9999954e-01
  -1.3507348e-01   9.9999935e-01
  -1.3578363e-01   1.0000002e+00
  -1.3649378e-01   1.0000007e+00
  -1.3699367e-01   1.0000001e+00
  -1.3749356e-01   9.9999986e-01
  -1.3799345e-01   1.0000001e+00
  -1.3849333e-01   1.0000003e+00
  -1.3899322e-01   1.0000000e+00
  -1.3949311e-01   9.9999994e-01
  -1.3999300e-01   1.0000000e+00
  -1.4049289e-01   1.0000001e+00
  -1.4110519e-01   9.9999990e-01
  -1.4171749e-01   9.9999982e-01
  -1.4232979e-01   1.0000000e+00
  -1.4294209e-01   1.0000002e+00
  -1.4363834e-01   9.9999957e-01
  -1.4433458e-01   9.9999939e-01
  -1.4503082e-01   1.0000002e+00
  -1.4572707e-01   1.0000006e+00
  -1.4635757e-01   9.9999937e-01
  -1.4698807e-01   9.9999895e-01
  -1.4761858e-01   1.0000003e+00
  -1.4824908e-01   1.0000011e+00
  -1.4875533e-01   1.0000001e+00
  -1.4926158e-01   9.9999972e-01
  -1.4976783e-01   1.0000002e+00
  -1.5027407e-01   1.0000005e+00
  -1.5074353e-01   1.0000001e+00
  -1.5121299e-01   9.9999997e-01
  -1.5168245e-01   1.0000001e+00
  -1.5215191e-01   1.0000002e+00
  -1.5270294e-01   9.9999997e-01
  -1.5325398e-01   9.9999990e-01
  -1.5380501e-01   1.0000000e+00
  -1.5435605e-01   1.0000001e+00
  -1.5502819e-01   9.9999978e-01
  -1.5570034e-01   9.9999966e-01
  -1.5637249e-01   1.0000001e+00
  -1.5704463e-01   1.0000003e+00
  -1.5772887e-01   9.9999932e-01
  -1.5841311e-01   9.9999901e-01
  -1.5909735e-01   1.0000003e+00
  -1.5978159e-01   1.0000010e+00
  -1.6034383e-01   9.9999975e-01
  -1.6090608e-01   9.9999927e-01
  -1.6146833e-01   1.0000002e+00
  -1.6203057e-01   1.0000009e+00
  -1.6249982e-01   1.0000002e+00
  -1.6296908e-01   9.9999995e-01
  -1.6343833e-01   1.0000001e+00
  -1.6390758e-01   1.0000003e+00
  -1.6440453e-01   1.0000000e+00
  -1.6490149e-01   9.9999994e-01
  -1.6539844e-01   1.0000000e+00
  -1.6589540e-01   1.0000001e+00
  -1.6651188e-01   9.9999990e-01
  -1.6712837e-01   9.9999982e-01
  -1.6774486e-01   1.0000000e+00
  -1.6836135e-01   1.0000002e+00
  -1.6906519e-01   9.9999954e-01
  -1.6976902e-01   9.9999935e-01
  -1.7047286e-01   1.0000002e+00
  -1.7117670e-01   1.0000007e+00
  -1.7167764e-01   1.0000001e+00
  -1.7217859e-01   9.9999985e-01
  -1.7267954e-01   1.0000001e+00
  -1.7318049e-01   1.0000003e+00
  -1.7368143e-01   1.0000000e+00
  -1.7418238e-01   9.9999993e-01
  -1.7468333e-01   1.0000000e+00
  -1.7518428e-01   1.0000001e+00
  -1.7579530e-01   9.9999990e-01
  -1.7640632e-01   9.9999982e-01
  -1.7701734e-01   1.0000000e+00
  -1.7762836e-01   1.0000002e+00
  -1.7832208e-01   9.9999958e-01
  -1.7901581e-01   9.9999940e-01
  -1.7970954e-01   1.0000002e+00
  -1.8040326e-01   1.0000006e+00
  -1.8103333e-01   9.9999939e-01
  -1.8166339e-01   9.9999897e-01
  -1.8229346e-01   1.0000003e+00
  -1.8292352e-01   1.0000011e+00
  -1.8343147e-01   1.0000001e+00
  -1.8393942e-01   9.9999971e-01
  -1.8444736e-01   1.0000002e+00
  -1.8495531e-01   1.0000005e+00
  -1.8542645e-01   1.0000001e+00
  -1.8589759e-01   9.9999997e-01
  -1.8636873e-01   1.0000001e+00
  -1.8683987e-01   1.0000002e+00
  -1.8739088e-01   9.9999997e-01
  -1.8794190e-01   9.9999989e-01
  -1.8849291e-01   1.0000000e+00
  -1.8904393e-01   1.0000001e+00
  -1.8971422e-01   9.9999978e-01
  -1.9038451e-01   9.9999967e-01
  -1.9105481e-01   1.0000001e+00
  -1.9172510e-01   1.0000003e+00
  -1.9240783e-01   9.9999934e-01
  -1.9309055e-01   9.9999903e-01
  -1.9377328e-01   1.0000003e+00
  -1.9445601e-01   1.0000010e+00
  -1.9501892e-01   9.9999975e-01
  -1.9558184e-01   9.9999928e-01
  -1.9614476e-01   1.0000002e+00
  -1.9670767e-01   1.0000009e+00
  -1.9717852e-01   1.0000002e+00
  -1.9764936e-01   9.9999995e-01
  -1.9812021e-01   1.0000001e+00
  -1.9859105e-01   1.0000003e+00
  -1.9908883e-01   1.0000000e+00
  -1.9958660e-01   9.9999994e-01
  -2.0008438e-01   1.0000000e+00
  -2.0058216e-01   1.0000001e+00
  -2.0119791e-01   9.9999990e-01
  -2.0181367e-01   9.9999982e-01
  -2.0242943e-01   1.0000000e+00
  -2.0304518e-01   1.0000002e+00
  -2.0374730e-01   9.9999955e-01
  -2.0444942e-01   9.9999936e-01
  -2.0515154e-01   1.0000002e+00
  -2.0585366e-01   1.0000006e+00
  -2.0635565e-01   1.0000001e+00
  -2.0685763e-01   9.9999985e-01
  -2.0735961e-01   1.0000001e+00
  -2.0786160e-01   1.0000003e+00
  -2.0836358e-01   1.0000000e+00
  -2.0886557e-01   9.9999993e-01
  -2.0936755e-01   1.0000000e+00
  -2.0986953e-01   1.0000001e+00
  -2.1048021e-01   9.9999990e-01
  -2.1109089e-01   9.9999982e-01
  -2.1170156e-01   1.0000000e+00
  -2.1231224e-01   1.0000002e+00
  -2.1300436e-01   9.9999958e-01
  -2.1369647e-01   9.9999940e-01
  -2.1438859e-01   1.0000002e+00
  -2.1508071e-01   1.0000006e+00
  -2.1570997e-01   9.9999940e-01
  -2.1633922e-01   9.9999899e-01
  -2.1696848e-01   1.0000003e+00
  -2.1759774e-01   1.0000011e+00
  -2.1810643e-01   1.0000001e+00
  -2.1861512e-01   9.9999971e-01
  -2.1912381e-01   1.0000002e+00
  -2.1963250e-01   1.0000005e+00
  -2.2010487e-01   1.0000001e+00
  -2.2057724e-01   9.9999996e-01
  -2.2104962e-01   1.0000001e+00
  -2.2152199e-01   1.0000002e+00
  -2.2207348e-01   9.9999997e-01
  -2.2262498e-01   9.9999989e-01
  -2.2317648e-01   1.0000000e+00
  -2.2372797e-01   1.0000001e+00
  -2.2439740e-01   9.9999978e-01
  -2.2506683e-01   9.9999967e-01
  -2.2573626e-01   1.0000001e+00
  -2.2640569e-01   1.0000003e+00
  -2.2708710e-01   9.9999935e-01
  -2.2776850e-01   9.9999904e-01
  -2.2844991e-01   1.0000003e+00
  -2.2913132e-01   1.0000010e+00
  -2.2969413e-01   9.9999975e-01
  -2.3025695e-01   9.9999928e-01
  -2.3081976e-01   1.0000002e+00
  -2.3138258e-01   1.0000009e+00
  -2.3185434e-01   1.0000002e+00
  -2.3232610e-01   9.9999994e-01
  -2.3279787e-01   1.0000001e+00
  -2.3326963e-01   1.0000003e+00
  -2.3376832e-01   1.0000000e+00
  -2.3426702e-01   9.9999994e-01
  -2.3476571e-01   1.0000000e+00
  -2.3526441e-01   1.0000001e+00
  -2.3588020e-01   9.9999990e-01
  -2.3649599e-01   9.9999982e-01
  -2.3711178e-01   1.0000000e+00
  -2.3772757e-01   1.0000002e+00
  -2.3842857e-01   9.9999955e-01
  -2.3912958e-01   9.9999936e-01
  -2.3983058e-01   1.0000002e+00
  -2.4053159e-01   1.0000006e+00
  -2.4103388e-01   1.0000001e+00
  -2.4153617e-01   9.9999985e-01
  -2.4203847e-01   1.0000001e+00
  -2.4254076e-01   1.0000003e+00
  -2.4304306e-01   1.0000000e+00
  -2.4354535e-01   9.9999993e-01
  -2.4404764e-01   1.0000000e+00
  -2.4454994e-01   1.0000001e+00
  -2.4516038e-01   9.9999990e-01
  -2.4577083e-01   9.9999982e-01
  -2.4638128e-01   1.0000000e+00
  -2.4699173e-01   1.0000002e+00
  -2.4774380e-01   9.9999924e-01
  -2.4849587e-01   9.9999898e-01
  -2.4924793e-01   1.0000003e+00
  -2.5000000e-01   1.0000010e+00
