  -0.0000000e+00   7.9722222e-01
  -6.2500000e-03   7.9722222e-01
  -1.2500000e-02   7.9722222e-01
  -1.8750000e-02   7.9722222e-01
  -2.5000000e-02   7.9722222e-01
  -2.8409033e-02   7.9722234e-01
  -3.1818066e-02   7.9722234e-01
  -3.5227099e-02   7.9722211e-01
  -3.8636132e-02   7.9722210e-01
  -3.9330704e-02   7.9722219e-01
  -4.0025277e-02   7.9722223e-01
  -4.0719850e-02   7.9722220e-01
  -4.1414423e-02   7.9722217e-01
  -4.2108996e-02   7.9722219e-01
  -4.2803568e-02   7.9722220e-01
  -4.3498141e-02   7.9722218e-01
  -4.4192714e-02   7.9722214e-01
  -4.5416718e-02   7.9722223e-01
  -4.6640722e-02   7.9722214e-01
  -4.7864726e-02   7.9722161e-01
  -4.9088730e-02   7.9722088e-01
  -4.9887479e-02   7.9722038e-01
  -5.0686228e-02   7.9721932e-01
  -5.1484977e-02   7.9721730e-01
  -5.2283726e-02   7.9721415e-01
  -5.3082475e-02   7.9720941e-01
  -5.3881224e-02   7.9720162e-01
  -5.4679973e-02   7.9718872e-01
  -5.5478722e-02   7.9716785e-01
  -5.6032033e-02   7.9714641e-01
  -5.6585345e-02   7.9711652e-01
  -5.7138656e-02   7.9707476e-01
  -5.7691968e-02   7.9701640e-01
  -5.8101157e-02   7.9695890e-01
  -5.8510347e-02   7.9688541e-01
  -5.8919537e-02   7.9679146e-01
  -5.9328726e-02   7.9667134e-01
  -5.9655696e-02   7.9655180e-01
  -5.9982665e-02   7.9640647e-01
  -6.0309634e-02   7.9622986e-01
  -6.0636604e-02   7.9601526e-01
  -6.0963573e-02   7.9575464e-01
  -6.1290543e-02   7.9543844e-01
  -6.1617512e-02   7.9505505e-01
  -6.1944481e-02   7.9459054e-01
  -6.2221362e-02   7.9412163e-01
  -6.2498242e-02   7.9357111e-01
  -6.2775123e-02   7.9292546e-01
  -6.3052003e-02   7.9216919e-01
  -6.3290558e-02   7.9141551e-01
  -6.3529112e-02   7.9055406e-01
  -6.3767667e-02   7.8957088e-01
  -6.4006221e-02   7.8845059e-01
  -6.4219819e-02   7.8731751e-01
  -6.4433417e-02   7.8604813e-01
  -6.4647014e-02   7.8462868e-01
  -6.4860612e-02   7.8304468e-01
  -6.5058570e-02   7.8141658e-01
  -6.5256528e-02   7.7962169e-01
  -6.5454486e-02   7.7764741e-01
  -6.5652445e-02   7.7548123e-01
  -6.5840969e-02   7.7322858e-01
  -6.6029493e-02   7.7078024e-01
  -6.6218018e-02   7.6812648e-01
  -6.6406542e-02   7.6525852e-01
  -6.6589512e-02   7.6226291e-01
  -6.6772482e-02   7.5905214e-01
  -6.6955452e-02   7.5562164e-01
  -6.7138422e-02   7.5196864e-01
  -6.7317303e-02   7.4818129e-01
  -6.7496184e-02   7.4418098e-01
  -6.7675064e-02   7.3997037e-01
  -6.7853945e-02   7.3555444e-01
  -6.8027798e-02   7.3107262e-01
  -6.8201650e-02   7.2641155e-01
  -6.8375503e-02   7.2158114e-01
  -6.8549355e-02   7.1659342e-01
  -6.8716440e-02   7.1166443e-01
  -6.8883525e-02   7.0661593e-01
  -6.9050610e-02   7.0146222e-01
  -6.9217696e-02   6.9621896e-01
  -6.9377758e-02   6.9112745e-01
  -6.9537821e-02   6.8598358e-01
  -6.9697883e-02   6.8080236e-01
  -6.9857946e-02   6.7559937e-01
  -7.0012538e-02   6.7056827e-01
  -7.0167131e-02   6.6554500e-01
  -7.0321723e-02   6.6054288e-01
  -7.0476316e-02   6.5557521e-01
  -7.0627702e-02   6.5075633e-01
  -7.0779087e-02   6.4599385e-01
  -7.0930473e-02   6.4129826e-01
  -7.1081859e-02   6.3667967e-01
  -7.1232262e-02   6.3217660e-01
  -7.1382665e-02   6.2776678e-01
  -7.1533068e-02   6.2345747e-01
  -7.1683470e-02   6.1925537e-01
  -7.1834899e-02   6.1513888e-01
  -7.1986328e-02   6.1114177e-01
  -7.2137757e-02   6.0726804e-01
  -7.2289186e-02   6.0352111e-01
  -7.2443492e-02   5.9983613e-01
  -7.2597797e-02   5.9628710e-01
  -7.2752103e-02   5.9287496e-01
  -7.2906409e-02   5.8960010e-01
  -7.3065380e-02   5.8636949e-01
  -7.3224352e-02   5.8328299e-01
  -7.3383323e-02   5.8033879e-01
  -7.3542294e-02   5.7753469e-01
  -7.3707750e-02   5.7476212e-01
  -7.3873205e-02   5.7213460e-01
  -7.4038660e-02   5.6964803e-01
  -7.4204115e-02   5.6729810e-01
  -7.4377976e-02   5.6497098e-01
  -7.4551837e-02   5.6278387e-01
  -7.4725699e-02   5.6073090e-01
  -7.4899560e-02   5.5880619e-01
  -7.5083921e-02   5.5689873e-01
  -7.5268282e-02   5.5512155e-01
  -7.5452643e-02   5.5346754e-01
  -7.5637004e-02   5.5192979e-01
  -7.5834186e-02   5.5040609e-01
  -7.6031367e-02   5.4899950e-01
  -7.6228549e-02   5.4770222e-01
  -7.6425731e-02   5.4650682e-01
  -7.6638338e-02   5.4532388e-01
  -7.6850944e-02   5.4424265e-01
  -7.7063551e-02   5.4325516e-01
  -7.7276158e-02   5.4235393e-01
  -7.7507133e-02   5.4146445e-01
  -7.7738109e-02   5.4066019e-01
  -7.7969084e-02   5.3993349e-01
  -7.8200059e-02   5.3927722e-01
  -7.8452759e-02   5.3863218e-01
  -7.8705459e-02   5.3805588e-01
  -7.8958158e-02   5.3754129e-01
  -7.9210858e-02   5.3708198e-01
  -7.9489163e-02   5.3663312e-01
  -7.9767469e-02   5.3623742e-01
  -8.0045774e-02   5.3588877e-01
  -8.0324079e-02   5.3558163e-01
  -8.0632591e-02   5.3528369e-01
  -8.0941104e-02   5.3502499e-01
  -8.1249616e-02   5.3480049e-01
  -8.1558129e-02   5.3460565e-01
  -8.1891846e-02   5.3442370e-01
  -8.2225564e-02   5.3426768e-01
  -8.2559282e-02   5.3413400e-01
  -8.2893000e-02   5.3401940e-01
  -8.3260324e-02   5.3391199e-01
  -8.3627649e-02   5.3382138e-01
  -8.3994973e-02   5.3374501e-01
  -8.4362297e-02   5.3368058e-01
  -8.4772502e-02   5.3362037e-01
  -8.5182707e-02   5.3357059e-01
  -8.5592913e-02   5.3352951e-01
  -8.6003118e-02   5.3349555e-01
  -8.6468202e-02   5.3346401e-01
  -8.6933286e-02   5.3343860e-01
  -8.7398370e-02   5.3341820e-01
  -8.7863454e-02   5.3340176e-01
  -8.8399744e-02   5.3338664e-01
  -8.8936033e-02   5.3337485e-01
  -8.9472323e-02   5.3336574e-01
  -9.0008613e-02   5.3335864e-01
  -9.0639658e-02   5.3335217e-01
  -9.1270703e-02   5.3334735e-01
  -9.1901748e-02   5.3334382e-01
  -9.2532793e-02   5.3334120e-01
  -9.3295644e-02   5.3333882e-01
  -9.4058494e-02   5.3333716e-01
  -9.4821344e-02   5.3333604e-01
  -9.5584194e-02   5.3333526e-01
  -9.6557333e-02   5.3333482e-01
  -9.7530472e-02   5.3333442e-01
  -9.8503611e-02   5.3333367e-01
  -9.9476751e-02   5.3333331e-01
  -9.9927786e-02   5.3333349e-01
  -1.0037882e-01   5.3333356e-01
  -1.0082986e-01   5.3333346e-01
  -1.0128089e-01   5.3333338e-01
  -1.0173193e-01   5.3333342e-01
  -1.0218297e-01   5.3333343e-01
  -1.0263400e-01   5.3333340e-01
  -1.0308504e-01   5.3333337e-01
  -1.0373532e-01   5.3333342e-01
  -1.0438560e-01   5.3333343e-01
  -1.0503588e-01   5.3333334e-01
  -1.0568616e-01   5.3333329e-01
  -1.0647888e-01   5.3333369e-01
  -1.0727159e-01   5.3333379e-01
  -1.0806431e-01   5.3333319e-01
  -1.0885702e-01   5.3333288e-01
  -1.0931168e-01   5.3333318e-01
  -1.0976634e-01   5.3333333e-01
  -1.1022100e-01   5.3333326e-01
  -1.1067566e-01   5.3333320e-01
  -1.1113031e-01   5.3333329e-01
  -1.1158497e-01   5.3333333e-01
  -1.1203963e-01   5.3333331e-01
  -1.1249429e-01   5.3333330e-01
  -1.1311537e-01   5.3333337e-01
  -1.1373645e-01   5.3333339e-01
  -1.1435752e-01   5.3333332e-01
  -1.1497860e-01   5.3333327e-01
  -1.1573805e-01   5.3333358e-01
  -1.1649751e-01   5.3333367e-01
  -1.1725696e-01   5.3333323e-01
  -1.1801642e-01   5.3333299e-01
  -1.1849836e-01   5.3333325e-01
  -1.1898030e-01   5.3333337e-01
  -1.1946224e-01   5.3333328e-01
  -1.1994418e-01   5.3333321e-01
  -1.2042612e-01   5.3333330e-01
  -1.2090806e-01   5.3333335e-01
  -1.2139000e-01   5.3333331e-01
  -1.2187194e-01   5.3333329e-01
  -1.2249296e-01   5.3333337e-01
  -1.2311398e-01   5.3333340e-01
  -1.2373500e-01   5.3333331e-01
  -1.2435602e-01   5.3333326e-01
  -1.2508290e-01   5.3333356e-01
  -1.2580979e-01   5.3333365e-01
  -1.2653667e-01   5.3333324e-01
  -1.2726355e-01   5.3333301e-01
  -1.2775458e-01   5.3333327e-01
  -1.2824561e-01   5.3333339e-01
  -1.2873665e-01   5.3333328e-01
  -1.2922768e-01   5.3333320e-01
  -1.2971871e-01   5.3333331e-01
  -1.3020975e-01   5.3333335e-01
  -1.3070078e-01   5.3333331e-01
  -1.3119181e-01   5.3333328e-01
  -1.3180715e-01   5.3333338e-01
  -1.3242250e-01   5.3333341e-01
  -1.3303784e-01   5.3333331e-01
  -1.3365319e-01   5.3333325e-01
  -1.3436333e-01   5.3333354e-01
  -1.3507348e-01   5.3333362e-01
  -1.3578363e-01   5.3333325e-01
  -1.3649378e-01   5.3333304e-01
  -1.3699367e-01   5.3333329e-01
  -1.3749356e-01   5.3333340e-01
  -1.3799345e-01   5.3333329e-01
  -1.3849333e-01   5.3333320e-01
  -1.3899322e-01   5.3333331e-01
  -1.3949311e-01   5.3333336e-01
  -1.3999300e-01   5.3333331e-01
  -1.4049289e-01   5.3333328e-01
  -1.4110519e-01   5.3333338e-01
  -1.4171749e-01   5.3333341e-01
  -1.4232979e-01   5.3333331e-01
  -1.4294209e-01   5.3333325e-01
  -1.4363834e-01   5.3333352e-01
  -1.4433458e-01   5.3333361e-01
  -1.4503082e-01   5.3333326e-01
  -1.4572707e-01   5.3333305e-01
  -1.4635757e-01   5.3333361e-01
  -1.4698807e-01   5.3333380e-01
  -1.4761858e-01   5.3333321e-01
  -1.4824908e-01   5.3333284e-01
  -1.4875533e-01   5.3333327e-01
  -1.4926158e-01   5.3333346e-01
  -1.4976783e-01   5.3333325e-01
  -1.5027407e-01   5.3333310e-01
  -1.5074353e-01   5.3333327e-01
  -1.5121299e-01   5.3333335e-01
  -1.5168245e-01   5.3333330e-01
  -1.5215191e-01   5.3333326e-01
  -1.5270294e-01   5.3333335e-01
  -1.5325398e-01   5.3333338e-01
  -1.5380501e-01   5.3333332e-01
  -1.5435605e-01   5.3333327e-01
  -1.5502819e-01   5.3333343e-01
  -1.5570034e-01   5.3333348e-01
  -1.5637249e-01   5.3333329e-01
  -1.5704463e-01   5.3333318e-01
  -1.5772887e-01   5.3333364e-01
  -1.5841311e-01   5.3333378e-01
  -1.5909735e-01   5.3333321e-01
  -1.5978159e-01   5.3333288e-01
  -1.6034383e-01   5.3333344e-01
  -1.6090608e-01   5.3333366e-01
  -1.6146833e-01   5.3333323e-01
  -1.6203057e-01   5.3333294e-01
  -1.6249982e-01   5.3333322e-01
  -1.6296908e-01   5.3333335e-01
  -1.6343833e-01   5.3333327e-01
  -1.6390758e-01   5.3333321e-01
  -1.6440453e-01   5.3333331e-01
  -1.6490149e-01   5.3333336e-01
  -1.6539844e-01   5.3333331e-01
  -1.6589540e-01   5.3333328e-01
  -1.6651188e-01   5.3333338e-01
  -1.6712837e-01   5.3333341e-01
  -1.6774486e-01   5.3333331e-01
  -1.6836135e-01   5.3333325e-01
  -1.6906519e-01   5.3333354e-01
  -1.6976902e-01   5.3333362e-01
  -1.7047286e-01   5.3333325e-01
  -1.7117670e-01   5.3333304e-01
  -1.7167764e-01   5.3333329e-01
  -1.7217859e-01   5.3333340e-01
  -1.7267954e-01   5.3333329e-01
  -1.7318049e-01   5.3333320e-01
  -1.7368143e-01   5.3333331e-01
  -1.7418238e-01   5.3333336e-01
  -1.7468333e-01   5.3333331e-01
  -1.7518428e-01   5.3333327e-01
  -1.7579530e-01   5.3333338e-01
  -1.7640632e-01   5.3333341e-01
  -1.7701734e-01   5.3333331e-01
  -1.7762836e-01   5.3333325e-01
  -1.7832208e-01   5.3333352e-01
  -1.7901581e-01   5.3333360e-01
  -1.7970954e-01   5.3333326e-01
  -1.8040326e-01   5.3333306e-01
  -1.8103333e-01   5.3333361e-01
  -1.8166339e-01   5.3333379e-01
  -1.8229346e-01   5.3333321e-01
  -1.8292352e-01   5.3333285e-01
  -1.8343147e-01   5.3333328e-01
  -1.8393942e-01   5.3333346e-01
  -1.8444736e-01   5.3333326e-01
  -1.8495531e-01   5.3333310e-01
  -1.8542645e-01   5.3333327e-01
  -1.8589759e-01   5.3333335e-01
  -1.8636873e-01   5.3333330e-01
  -1.8683987e-01   5.3333326e-01
  -1.8739088e-01   5.3333335e-01
  -1.8794190e-01   5.3333338e-01
  -1.8849291e-01   5.3333332e-01
  -1.8904393e-01   5.3333327e-01
  -1.8971422e-01   5.3333343e-01
  -1.9038451e-01   5.3333348e-01
  -1.9105481e-01   5.3333329e-01
  -1.9172510e-01   5.3333318e-01
  -1.9240783e-01   5.3333363e-01
  -1.9309055e-01   5.3333377e-01
  -1.9377328e-01   5.3333321e-01
  -1.9445601e-01   5.3333289e-01
  -1.9501892e-01   5.3333344e-01
  -1.9558184e-01   5.3333366e-01
  -1.9614476e-01   5.3333323e-01
  -1.9670767e-01   5.3333295e-01
  -1.9717852e-01   5.3333323e-01
  -1.9764936e-01   5.3333336e-01
  -1.9812021e-01   5.3333327e-01
  -1.9859105e-01   5.3333321e-01
  -1.9908883e-01   5.3333331e-01
  -1.9958660e-01   5.3333336e-01
  -2.0008438e-01   5.3333331e-01
  -2.0058216e-01   5.3333328e-01
  -2.0119791e-01   5.3333338e-01
  -2.0181367e-01   5.3333341e-01
  -2.0242943e-01   5.3333331e-01
  -2.0304518e-01   5.3333325e-01
  -2.0374730e-01   5.3333353e-01
  -2.0444942e-01   5.3333362e-01
  -2.0515154e-01   5.3333325e-01
  -2.0585366e-01   5.3333304e-01
  -2.0635565e-01   5.3333329e-01
  -2.0685763e-01   5.3333340e-01
  -2.0735961e-01   5.3333329e-01
  -2.0786160e-01   5.3333320e-01
  -2.0836358e-01   5.3333331e-01
  -2.0886557e-01   5.3333336e-01
  -2.0936755e-01   5.3333331e-01
  -2.0986953e-01   5.3333327e-01
  -2.1048021e-01   5.3333338e-01
  -2.1109089e-01   5.3333341e-01
  -2.1170156e-01   5.3333331e-01
  -2.1231224e-01   5.3333325e-01
  -2.1300436e-01   5.3333352e-01
  -2.1369647e-01   5.3333360e-01
  -2.1438859e-01   5.3333326e-01
  -2.1508071e-01   5.3333306e-01
  -2.1570997e-01   5.3333360e-01
  -2.1633922e-01   5.3333379e-01
  -2.1696848e-01   5.3333321e-01
  -2.1759774e-01   5.3333286e-01
  -2.1810643e-01   5.3333328e-01
  -2.1861512e-01   5.3333346e-01
  -2.1912381e-01   5.3333326e-01
  -2.1963250e-01   5.3333310e-01
  -2.2010487e-01   5.3333327e-01
  -2.2057724e-01   5.3333335e-01
  -2.2104962e-01   5.3333330e-01
  -2.2152199e-01   5.3333326e-01
  -2.2207348e-01   5.3333335e-01
  -2.2262498e-01   5.3333338e-01
  -2.2317648e-01   5.3333332e-01
  -2.2372797e-01   5.3333327e-01
  -2.2439740e-01   5.3333343e-01
  -2.2506683e-01   5.3333348e-01
  -2.2573626e-01   5.3333329e-01
  -2.2640569e-01   5.3333318e-01
  -2.2708710e-01   5.3333363e-01
  -2.2776850e-01   5.3333376e-01
  -2.2844991e-01   5.3333321e-01
  -2.2913132e-01   5.3333290e-01
  -2.2969413e-01   5.3333344e-01
  -2.3025695e-01   5.3333365e-01
  -2.3081976e-01   5.3333323e-01
  -2.3138258e-01   5.3333295e-01
  -2.3185434e-01   5.3333323e-01
  -2.3232610e-01   5.3333336e-01
  -2.3279787e-01   5.3333328e-01
  -2.3326963e-01   5.3333321e-01
  -2.3376832e-01   5.3333331e-01
  -2.3426702e-01   5.3333336e-01
  -2.3476571e-01   5.3333331e-01
  -2.3526441e-01   5.3333328e-01
  -2.3588020e-01   5.3333338e-01
  -2.3649599e-01   5.3333341e-01
  -2.3711178e-01   5.3333331e-01
  -2.3772757e-01   5.3333325e-01
  -2.3842857e-01   5.3333353e-01
  -2.3912958e-01   5.3333362e-01
  -2.3983058e-01   5.3333325e-01
  -2.4053159e-01   5.3333304e-01
  -2.4103388e-01   5.3333329e-01
  -2.4153617e-01   5.3333340e-01
  -2.4203847e-01   5.3333329e-01
  -2.4254076e-01   5.3333320e-01
  -2.4304306e-01   5.3333331e-01
  -2.4354535e-01   5.3333336e-01
  -2.4404764e-01   5.3333331e-01
  -2.4454994e-01   5.3333327e-01
  -2.4516038e-01   5.3333338e-01
  -2.4577083e-01   5.3333341e-01
  -2.4638128e-01   5.3333331e-01
  -2.4699173e-01   5.3333325e-01
  -2.4774380e-01   5.3333367e-01
  -2.4849587e-01   5.3333379e-01
  -2.4924793e-01   5.3333319e-01
  -2.5000000e-01   5.3333287e-01
