  -0.0000000e+00   0.0000000e+00
  -6.2500000e-03   2.1811219e-08
  -1.2500000e-02   1.9479178e-08
  -1.8750000e-02  -2.4195032e-08
  -2.5000000e-02  -1.3813320e-08
  -2.8409033e-02   1.1606606e-04
  -3.1818066e-02   1.1531512e-04
  -3.5227099e-02  -1.1008406e-04
  -3.8636132e-02  -1.1393663e-04
  -3.9330704e-02  -2.4644783e-05
  -4.0025277e-02   1.6638933e-05
  -4.0719850e-02  -1.3110956e-05
  -4.1414423e-02  -3.5665526e-05
  -4.2108996e-02   7.5765351e-07
  -4.2803568e-02   2.1143288e-05
  -4.3498141e-02   1.7917066e-05
  -4.4192714e-02   2.1441374e-05
  -4.5416718e-02   2.2020626e-04
  -4.6640722e-02   3.3721443e-04
  -4.7864726e-02   2.6266823e-04
  -4.9088730e-02   5.1211583e-04
  -4.9887479e-02   1.1634986e-03
  -5.0686228e-02   1.9406356e-03
  -5.1484977e-02   2.9057543e-03
  -5.2283726e-02   4.6274241e-03
  -5.3082475e-02   7.7655044e-03
  -5.3881224e-02   1.2571516e-02
  -5.4679973e-02   2.0140143e-02
  -5.5478722e-02   3.2577585e-02
  -5.6032033e-02   4.5584840e-02
  -5.6585345e-02   6.3637670e-02
  -5.7138656e-02   8.8784453e-02
  -5.7691968e-02   1.2388737e-01
  -5.8101157e-02   1.5846540e-01
  -5.8510347e-02   2.0261086e-01
  -5.8919537e-02   2.5897844e-01
  -5.9328726e-02   3.3095008e-01
  -5.9655696e-02   4.0247639e-01
  -5.9982665e-02   4.8927740e-01
  -6.0309634e-02   5.9455127e-01
  -6.0636604e-02   7.2215204e-01
  -6.0963573e-02   8.7666590e-01
  -6.1290543e-02   1.0634561e+00
  -6.1617512e-02   1.2889211e+00
  -6.1944481e-02   1.5606249e+00
  -6.2221362e-02   1.8333340e+00
  -6.2498242e-02   2.1514642e+00
  -6.2775123e-02   2.5217221e+00
  -6.3052003e-02   2.9515768e+00
  -6.3290558e-02   3.3759402e+00
  -6.3529112e-02   3.8560445e+00
  -6.3767667e-02   4.3975669e+00
  -6.4006221e-02   5.0063732e+00
  -6.4219819e-02   5.6134073e+00
  -6.4433417e-02   6.2830690e+00
  -6.4647014e-02   7.0189941e+00
  -6.4860612e-02   7.8244298e+00
  -6.5058570e-02   8.6352840e+00
  -6.5256528e-02   9.5094145e+00
  -6.5454486e-02   1.0447255e+01
  -6.5652445e-02   1.1448353e+01
  -6.5840969e-02   1.2459168e+01
  -6.6029493e-02   1.3523314e+01
  -6.6218018e-02   1.4636934e+01
  -6.6406542e-02   1.5795038e+01
  -6.6589512e-02   1.6955660e+01
  -6.6772482e-02   1.8145031e+01
  -6.6955452e-02   1.9354755e+01
  -6.7138422e-02   2.0575545e+01
  -6.7317303e-02   2.1769954e+01
  -6.7496184e-02   2.2954363e+01
  -6.7675064e-02   2.4117479e+01
  -6.7853945e-02   2.5247927e+01
  -6.8027798e-02   2.6304407e+01
  -6.8201650e-02   2.7308123e+01
  -6.8375503e-02   2.8248469e+01
  -6.8549355e-02   2.9115756e+01
  -6.8716440e-02   2.9872160e+01
  -6.8883525e-02   3.0545103e+01
  -6.9050610e-02   3.1127930e+01
  -6.9217696e-02   3.1615478e+01
  -6.9377758e-02   3.1989534e+01
  -6.9537821e-02   3.2269434e+01
  -6.9697883e-02   3.2453304e+01
  -6.9857946e-02   3.2540756e+01
  -7.0012538e-02   3.2534390e+01
  -7.0167131e-02   3.2439695e+01
  -7.0321723e-02   3.2258586e+01
  -7.0476316e-02   3.1994153e+01
  -7.0627702e-02   3.1658202e+01
  -7.0779087e-02   3.1249699e+01
  -7.0930473e-02   3.0772921e+01
  -7.1081859e-02   3.0232937e+01
  -7.1232262e-02   2.9639292e+01
  -7.1382665e-02   2.8993725e+01
  -7.1533068e-02   2.8301607e+01
  -7.1683470e-02   2.7568732e+01
  -7.1834899e-02   2.6795646e+01
  -7.1986328e-02   2.5992630e+01
  -7.2137757e-02   2.5165133e+01
  -7.2289186e-02   2.4318740e+01
  -7.2443492e-02   2.3442446e+01
  -7.2597797e-02   2.2557119e+01
  -7.2752103e-02   2.1667541e+01
  -7.2906409e-02   2.0778425e+01
  -7.3065380e-02   1.9867543e+01
  -7.3224352e-02   1.8965724e+01
  -7.3383323e-02   1.8076585e+01
  -7.3542294e-02   1.7203563e+01
  -7.3707750e-02   1.6315320e+01
  -7.3873205e-02   1.5450360e+01
  -7.4038660e-02   1.4610881e+01
  -7.4204115e-02   1.3798872e+01
  -7.4377976e-02   1.2976953e+01
  -7.4551837e-02   1.2188166e+01
  -7.4725699e-02   1.1433257e+01
  -7.4899560e-02   1.0712792e+01
  -7.5083921e-02   9.9867197e+00
  -7.5268282e-02   9.2992830e+00
  -7.5452643e-02   8.6499093e+00
  -7.5637004e-02   8.0379316e+00
  -7.5834186e-02   7.4237853e+00
  -7.6031367e-02   6.8498624e+00
  -7.6228549e-02   6.3145378e+00
  -7.6425731e-02   5.8161941e+00
  -7.6638338e-02   5.3183396e+00
  -7.6850944e-02   4.8590998e+00
  -7.7063551e-02   4.4361303e+00
  -7.7276158e-02   4.0471938e+00
  -7.7507133e-02   3.6606550e+00
  -7.7738109e-02   3.3088008e+00
  -7.7969084e-02   2.9889149e+00
  -7.8200059e-02   2.6984669e+00
  -7.8452759e-02   2.4115882e+00
  -7.8705459e-02   2.1540543e+00
  -7.8958158e-02   1.9230920e+00
  -7.9210858e-02   1.7161615e+00
  -7.9489163e-02   1.5132716e+00
  -7.9767469e-02   1.3338227e+00
  -8.0045774e-02   1.1752349e+00
  -8.0324079e-02   1.0351752e+00
  -8.0632591e-02   8.9902518e-01
  -8.0941104e-02   7.8055031e-01
  -8.1249616e-02   6.7753143e-01
  -8.1558129e-02   5.8797961e-01
  -8.1891846e-02   5.0424793e-01
  -8.2225564e-02   4.3235785e-01
  -8.2559282e-02   3.7068021e-01
  -8.2893000e-02   3.1775900e-01
  -8.3260324e-02   2.6812572e-01
  -8.3627649e-02   2.2621946e-01
  -8.3994973e-02   1.9087114e-01
  -8.4362297e-02   1.6103635e-01
  -8.4772502e-02   1.3314487e-01
  -8.5182707e-02   1.1007833e-01
  -8.5592913e-02   9.1031591e-02
  -8.6003118e-02   7.5281863e-02
  -8.6468202e-02   6.0652243e-02
  -8.6933286e-02   4.8865400e-02
  -8.7398370e-02   3.9396706e-02
  -8.7863454e-02   3.1767952e-02
  -8.8399744e-02   2.4747516e-02
  -8.8936033e-02   1.9278989e-02
  -8.9472323e-02   1.5045719e-02
  -9.0008613e-02   1.1748590e-02
  -9.0639658e-02   8.7476585e-03
  -9.1270703e-02   6.5125905e-03
  -9.1901748e-02   4.8712519e-03
  -9.2532793e-02   3.6508238e-03
  -9.3295644e-02   2.5598294e-03
  -9.4058494e-02   1.7909427e-03
  -9.4821344e-02   1.2517863e-03
  -9.5584194e-02   8.8168792e-04
  -9.6557333e-02   9.8051569e-04
  -9.7530472e-02   8.5273274e-04
  -9.8503611e-02  -1.3600553e-06
  -9.9476751e-02  -3.7928507e-04
  -9.9927786e-02  -5.2883067e-05
  -1.0037882e-01   9.5092170e-05
  -1.0082986e-01   3.9457634e-06
  -1.0128089e-01  -7.8275846e-05
  -1.0173193e-01   6.6188532e-06
  -1.0218297e-01   4.3340809e-05
  -1.0263400e-01   1.5015438e-05
  -1.0308504e-01  -1.0240849e-05
  -1.0373532e-01   7.7223846e-05
  -1.0438560e-01   1.0226554e-04
  -1.0503588e-01  -1.0436296e-05
  -1.0568616e-01  -7.8599861e-05
  -1.0647888e-01   5.0131013e-04
  -1.0727159e-01   6.4978454e-04
  -1.0806431e-01  -2.1581714e-04
  -1.0885702e-01  -6.5899697e-04
  -1.0931168e-01  -2.1769193e-04
  -1.0976634e-01  -5.5367799e-06
  -1.1022100e-01  -1.0079673e-04
  -1.1067566e-01  -1.8700945e-04
  -1.1113031e-01  -6.1623470e-05
  -1.1158497e-01  -1.3644460e-06
  -1.1203963e-01  -2.8483183e-05
  -1.1249429e-01  -5.3022733e-05
  -1.1311537e-01   4.6957000e-05
  -1.1373645e-01   8.1165754e-05
  -1.1435752e-01  -2.1414274e-05
  -1.1497860e-01  -8.5114237e-05
  -1.1573805e-01   3.5798644e-04
  -1.1649751e-01   4.7824140e-04
  -1.1725696e-01  -1.5260662e-04
  -1.1801642e-01  -4.8730836e-04
  -1.1849836e-01  -1.1289286e-04
  -1.1898030e-01   5.7247628e-05
  -1.1946224e-01  -7.4808467e-05
  -1.1994418e-01  -1.8004616e-04
  -1.2042612e-01  -4.1709579e-05
  -1.2090806e-01   2.1152980e-05
  -1.2139000e-01  -2.7638777e-05
  -1.2187194e-01  -6.6521892e-05
  -1.2249296e-01   5.8046751e-05
  -1.2311398e-01   1.0072425e-04
  -1.2373500e-01  -2.6857981e-05
  -1.2435602e-01  -1.0608055e-04
  -1.2508290e-01   3.2737162e-04
  -1.2580979e-01   4.5114516e-04
  -1.2653667e-01  -1.3570796e-04
  -1.2726355e-01  -4.5836748e-04
  -1.2775458e-01  -8.8343083e-05
  -1.2824561e-01   7.6616645e-05
  -1.2873665e-01  -7.1286856e-05
  -1.2922768e-01  -1.8584855e-04
  -1.2971871e-01  -3.5818993e-05
  -1.3020975e-01   3.1065600e-05
  -1.3070078e-01  -2.8903487e-05
  -1.3119181e-01  -7.5353931e-05
  -1.3180715e-01   6.0122678e-05
  -1.3242250e-01   1.0703549e-04
  -1.3303784e-01  -2.8626787e-05
  -1.3365319e-01  -1.1346191e-04
  -1.3436333e-01   2.9594893e-04
  -1.3507348e-01   4.1604296e-04
  -1.3578363e-01  -1.2151221e-04
  -1.3649378e-01  -4.2258522e-04
  -1.3699367e-01  -6.4111525e-05
  -1.3749356e-01   9.2743326e-05
  -1.3799345e-01  -6.7060519e-05
  -1.3849333e-01  -1.8790096e-04
  -1.3899322e-01  -2.8506531e-05
  -1.3949311e-01   4.1238832e-05
  -1.3999300e-01  -2.9817928e-05
  -1.4049289e-01  -8.3549762e-05
  -1.4110519e-01   6.3437209e-05
  -1.4171749e-01   1.1462969e-04
  -1.4232979e-01  -3.0729314e-05
  -1.4294209e-01  -1.2197540e-04
  -1.4363834e-01   2.7492521e-04
  -1.4433458e-01   3.9403728e-04
  -1.4503082e-01  -1.1243850e-04
  -1.4572707e-01  -4.0053662e-04
  -1.4635757e-01   4.0251428e-04
  -1.4698807e-01   6.7284269e-04
  -1.4761858e-01  -1.7923993e-04
  -1.4824908e-01  -7.0224895e-04
  -1.4875533e-01  -8.4449973e-05
  -1.4926158e-01   1.8227593e-04
  -1.4976783e-01  -1.1361135e-04
  -1.5027407e-01  -3.3390513e-04
  -1.5074353e-01  -9.3646974e-05
  -1.5121299e-01   1.8427095e-05
  -1.5168245e-01  -5.0985764e-05
  -1.5215191e-01  -1.0902364e-04
  -1.5270294e-01   1.7230117e-05
  -1.5325398e-01   6.6874807e-05
  -1.5380501e-01  -2.2591858e-05
  -1.5435605e-01  -8.3760607e-05
  -1.5502819e-01   1.4415982e-04
  -1.5570034e-01   2.1540150e-04
  -1.5637249e-01  -5.9313880e-05
  -1.5704463e-01  -2.1989649e-04
  -1.5772887e-01   4.3456982e-04
  -1.5841311e-01   6.3496370e-04
  -1.5909735e-01  -1.7783546e-04
  -1.5978159e-01  -6.4646601e-04
  -1.6034383e-01   1.5913002e-04
  -1.6090608e-01   4.6872492e-04
  -1.6146833e-01  -1.4647519e-04
  -1.6203057e-01  -5.5986318e-04
  -1.6249982e-01  -1.5744662e-04
  -1.6296908e-01   3.0350487e-05
  -1.6343833e-01  -8.5490886e-05
  -1.6390758e-01  -1.8243659e-04
  -1.6440453e-01  -3.0221868e-05
  -1.6490149e-01   3.6795313e-05
  -1.6539844e-01  -2.8733615e-05
  -1.6589540e-01  -7.8664670e-05
  -1.6651188e-01   6.3925278e-05
  -1.6712837e-01   1.1319487e-04
  -1.6774486e-01  -3.0252184e-05
  -1.6836135e-01  -1.1982751e-04
  -1.6906519e-01   2.9272928e-04
  -1.6976902e-01   4.1499941e-04
  -1.7047286e-01  -1.1991286e-04
  -1.7117670e-01  -4.2161635e-04
  -1.7167764e-01  -6.1806602e-05
  -1.7217859e-01   9.5281852e-05
  -1.7267954e-01  -6.7102994e-05
  -1.7318049e-01  -1.8956693e-04
  -1.7368143e-01  -2.7789017e-05
  -1.7418238e-01   4.2841452e-05
  -1.7468333e-01  -3.0170528e-05
  -1.7518428e-01  -8.5233291e-05
  -1.7579530e-01   6.3355028e-05
  -1.7640632e-01   1.1523121e-04
  -1.7701734e-01  -3.0926159e-05
  -1.7762836e-01  -1.2282152e-04
  -1.7832208e-01   2.6942575e-04
  -1.7901581e-01   3.8763451e-04
  -1.7970954e-01  -1.1016541e-04
  -1.8040326e-01  -3.9412843e-04
  -1.8103333e-01   3.9356896e-04
  -1.8166339e-01   6.5894348e-04
  -1.8229346e-01  -1.7552989e-04
  -1.8292352e-01  -6.8800255e-04
  -1.8343147e-01  -7.6748416e-05
  -1.8393942e-01   1.8620898e-04
  -1.8444736e-01  -1.1195797e-04
  -1.8495531e-01  -3.3307460e-04
  -1.8542645e-01  -9.1327363e-05
  -1.8589759e-01   2.1045650e-05
  -1.8636873e-01  -5.0857086e-05
  -1.8683987e-01  -1.1054289e-04
  -1.8739088e-01   1.7454046e-05
  -1.8794190e-01   6.7786200e-05
  -1.8849291e-01  -2.2903304e-05
  -1.8904393e-01  -8.4910045e-05
  -1.8971422e-01   1.4298996e-04
  -1.9038451e-01   2.1445323e-04
  -1.9105481e-01  -5.8911708e-05
  -1.9172510e-01  -2.1904419e-04
  -1.9240783e-01   4.2560924e-04
  -1.9309055e-01   6.2350376e-04
  -1.9377328e-01  -1.7423625e-04
  -1.9445601e-01  -6.3497162e-04
  -1.9501892e-01   1.5982167e-04
  -1.9558184e-01   4.6484945e-04
  -1.9614476e-01  -1.4468276e-04
  -1.9670767e-01  -5.5385107e-04
  -1.9717852e-01  -1.5247472e-04
  -1.9764936e-01   3.4214165e-05
  -1.9812021e-01  -8.4567126e-05
  -1.9859105e-01  -1.8328922e-04
  -1.9908883e-01  -2.9653378e-05
  -1.9958660e-01   3.7872313e-05
  -2.0008438e-01  -2.8926440e-05
  -2.0058216e-01  -7.9714819e-05
  -2.0119791e-01   6.4024294e-05
  -2.0181367e-01   1.1375957e-04
  -2.0242943e-01  -3.0417051e-05
  -2.0304518e-01  -1.2053016e-04
  -2.0374730e-01   2.8918230e-04
  -2.0444942e-01   4.1095217e-04
  -2.0515154e-01  -1.1840279e-04
  -2.0585366e-01  -4.1754388e-04
  -2.0635565e-01  -5.9097784e-05
  -2.0685763e-01   9.7053690e-05
  -2.0735961e-01  -6.6652876e-05
  -2.0786160e-01  -1.8979491e-04
  -2.0836358e-01  -2.6862505e-05
  -2.0886557e-01   4.4116713e-05
  -2.0936755e-01  -3.0296836e-05
  -2.0986953e-01  -8.6271745e-05
  -2.1048021e-01   6.3760172e-05
  -2.1109089e-01   1.1617456e-04
  -2.1170156e-01  -3.1189525e-05
  -2.1231224e-01  -1.2388376e-04
  -2.1300436e-01   2.6705101e-04
  -2.1369647e-01   3.8518068e-04
  -2.1438859e-01  -1.0918901e-04
  -2.1508071e-01  -3.9170541e-04
  -2.1570997e-01   3.8658848e-04
  -2.1633922e-01   6.4918584e-04
  -2.1696848e-01  -1.7292127e-04
  -2.1759774e-01  -6.7829398e-04
  -2.1810643e-01  -7.3053452e-05
  -2.1861512e-01   1.8690941e-04
  -2.1912381e-01  -1.1067051e-04
  -2.1963250e-01  -3.3097637e-04
  -2.2010487e-01  -8.9212405e-05
  -2.2057724e-01   2.2878860e-05
  -2.2104962e-01  -5.0542886e-05
  -2.2152199e-01  -1.1117728e-04
  -2.2207348e-01   1.7955810e-05
  -2.2262498e-01   6.8684554e-05
  -2.2317648e-01  -2.3118689e-05
  -2.2372797e-01  -8.5838825e-05
  -2.2439740e-01   1.4308735e-04
  -2.2506683e-01   2.1497953e-04
  -2.2573626e-01  -5.8991797e-05
  -2.2640569e-01  -2.1963830e-04
  -2.2708710e-01   4.2045932e-04
  -2.2776850e-01   6.1739555e-04
  -2.2844991e-01  -1.7219735e-04
  -2.2913132e-01  -6.2890997e-04
  -2.2969413e-01   1.5777243e-04
  -2.3025695e-01   4.5974900e-04
  -2.3081976e-01  -1.4318047e-04
  -2.3138258e-01  -5.4797731e-04
  -2.3185434e-01  -1.4896587e-04
  -2.3232610e-01   3.6266795e-05
  -2.3279787e-01  -8.3674984e-05
  -2.3326963e-01  -1.8297686e-04
  -2.3376832e-01  -2.8806625e-05
  -2.3426702e-01   3.8823026e-05
  -2.3476571e-01  -2.8944741e-05
  -2.3526441e-01  -8.0346931e-05
  -2.3588020e-01   6.4567472e-05
  -2.3649599e-01   1.1470617e-04
  -2.3711178e-01  -3.0669472e-05
  -2.3772757e-01  -1.2152811e-04
  -2.3842857e-01   2.8816535e-04
  -2.3912958e-01   4.1015318e-04
  -2.3983058e-01  -1.1795369e-04
  -2.4053159e-01  -4.1676114e-04
  -2.4103388e-01  -5.8353781e-05
  -2.4153617e-01   9.7678943e-05
  -2.4203847e-01  -6.6588464e-05
  -2.4254076e-01  -1.9005786e-04
  -2.4304306e-01  -2.6610952e-05
  -2.4354535e-01   4.4545945e-05
  -2.4404764e-01  -3.0366420e-05
  -2.4454994e-01  -8.6673445e-05
  -2.4516038e-01   6.3813321e-05
  -2.4577083e-01   1.1640938e-04
  -2.4638128e-01  -3.1259469e-05
  -2.4699173e-01  -1.2417212e-04
  -2.4774380e-01   4.8715054e-04
  -2.4849587e-01   6.5497399e-04
  -2.4924793e-01  -2.0627293e-04
  -2.5000000e-01  -6.6690644e-04
