  -0.0000000e+00  -1.2073605e-13
  -6.2500000e-03   1.6100031e-08
  -1.2500000e-02   1.4808759e-08
  -1.8750000e-02  -1.7665012e-08
  -2.5000000e-02  -1.4317001e-08
  -2.8409033e-02   9.1089006e-05
  -3.1818066e-02   9.0688123e-05
  -3.5227099e-02  -8.6791967e-05
  -3.8636132e-02  -9.3743668e-05
  -3.9330704e-02  -2.5440922e-05
  -4.0025277e-02   3.9775092e-06
  -4.0719850e-02  -2.4209604e-05
  -4.1414423e-02  -4.9218349e-05
  -4.2108996e-02  -3.1520739e-05
  -4.2803568e-02  -3.2074181e-05
  -4.3498141e-02  -5.9921956e-05
  -4.4192714e-02  -9.5744630e-05
  -4.5416718e-02  -6.5695270e-05
  -4.6640722e-02  -2.1466420e-04
  -4.7864726e-02  -7.9004019e-04
  -4.9088730e-02  -1.7055791e-03
  -4.9887479e-02  -2.5016597e-03
  -5.0686228e-02  -3.9826559e-03
  -5.1484977e-02  -6.6229909e-03
  -5.2283726e-02  -1.0803061e-02
  -5.3082475e-02  -1.7298848e-02
  -5.3881224e-02  -2.7848803e-02
  -5.4679973e-02  -4.5169899e-02
  -5.5478722e-02  -7.3260578e-02
  -5.6032033e-02  -1.0218348e-01
  -5.6585345e-02  -1.4246400e-01
  -5.7138656e-02  -1.9867927e-01
  -5.7691968e-02  -2.7713882e-01
  -5.8101157e-02  -3.5436234e-01
  -5.8510347e-02  -4.5291391e-01
  -5.8919537e-02  -5.7868116e-01
  -5.9328726e-02  -7.3912956e-01
  -5.9655696e-02  -8.9841971e-01
  -5.9982665e-02  -1.0915169e+00
  -6.0309634e-02  -1.3254104e+00
  -6.0636604e-02  -1.6084576e+00
  -6.0963573e-02  -1.9505050e+00
  -6.1290543e-02  -2.3630198e+00
  -6.1617512e-02  -2.8595650e+00
  -6.1944481e-02  -3.4558801e+00
  -6.2221362e-02  -4.0520443e+00
  -6.2498242e-02  -4.7445967e+00
  -6.2775123e-02  -5.5467641e+00
  -6.3052003e-02  -6.4727549e+00
  -6.3290558e-02  -7.3811990e+00
  -6.3529112e-02  -8.4022175e+00
  -6.3767667e-02  -9.5453272e+00
  -6.4006221e-02  -1.0819556e+01
  -6.4219819e-02  -1.2078364e+01
  -6.4433417e-02  -1.3453577e+01
  -6.4647014e-02  -1.4948606e+01
  -6.4860612e-02  -1.6565082e+01
  -6.5058570e-02  -1.8171191e+01
  -6.5256528e-02  -1.9878787e+01
  -6.5454486e-02  -2.1683170e+01
  -6.5652445e-02  -2.3577061e+01
  -6.5840969e-02  -2.5454798e+01
  -6.6029493e-02  -2.7393784e+01
  -6.6218018e-02  -2.9380649e+01
  -6.6406542e-02  -3.1399560e+01
  -6.6589512e-02  -3.3372574e+01
  -6.6772482e-02  -3.5340828e+01
  -6.6955452e-02  -3.7284843e+01
  -6.7138422e-02  -3.9183899e+01
  -6.7317303e-02  -4.0976554e+01
  -6.7496184e-02  -4.2686213e+01
  -6.7675064e-02  -4.4293554e+01
  -6.7853945e-02  -4.5779788e+01
  -6.8027798e-02  -4.7091516e+01
  -6.8201650e-02  -4.8258335e+01
  -6.8375503e-02  -4.9268071e+01
  -6.8549355e-02  -5.0110220e+01
  -6.8716440e-02  -5.0753902e+01
  -6.8883525e-02  -5.1230648e+01
  -6.9050610e-02  -5.1537974e+01
  -6.9217696e-02  -5.1674964e+01
  -6.9377758e-02  -5.1647335e+01
  -6.9537821e-02  -5.1467721e+01
  -6.9697883e-02  -5.1140893e+01
  -6.9857946e-02  -5.0672418e+01
  -7.0012538e-02  -5.0091693e+01
  -7.0167131e-02  -4.9392857e+01
  -7.0321723e-02  -4.8584302e+01
  -7.0476316e-02  -4.7674446e+01
  -7.0627702e-02  -4.6693678e+01
  -7.0779087e-02  -4.5633552e+01
  -7.0930473e-02  -4.4503433e+01
  -7.1081859e-02  -4.3312157e+01
  -7.1232262e-02  -4.2076571e+01
  -7.1382665e-02  -4.0798359e+01
  -7.1533068e-02  -3.9486288e+01
  -7.1683470e-02  -3.8148247e+01
  -7.1834899e-02  -3.6782299e+01
  -7.1986328e-02  -3.5405503e+01
  -7.2137757e-02  -3.4025159e+01
  -7.2289186e-02  -3.2647506e+01
  -7.2443492e-02  -3.1252218e+01
  -7.2597797e-02  -2.9871738e+01
  -7.2752103e-02  -2.8511473e+01
  -7.2906409e-02  -2.7175712e+01
  -7.3065380e-02  -2.5828981e+01
  -7.3224352e-02  -2.4516280e+01
  -7.3383323e-02  -2.3240984e+01
  -7.3542294e-02  -2.2005396e+01
  -7.3707750e-02  -2.0763376e+01
  -7.3873205e-02  -1.9568353e+01
  -7.4038660e-02  -1.8421750e+01
  -7.4204115e-02  -1.7324032e+01
  -7.4377976e-02  -1.6223156e+01
  -7.4551837e-02  -1.5176525e+01
  -7.4725699e-02  -1.4183840e+01
  -7.4899560e-02  -1.3244004e+01
  -7.5083921e-02  -1.2303524e+01
  -7.5268282e-02  -1.1419604e+01
  -7.5452643e-02  -1.0590551e+01
  -7.5637004e-02  -9.8140711e+00
  -7.5834186e-02  -9.0389663e+00
  -7.6031367e-02  -8.3187479e+00
  -7.6228549e-02  -7.6507228e+00
  -7.6425731e-02  -7.0317887e+00
  -7.6638338e-02  -6.4158471e+00
  -7.6850944e-02  -5.8501590e+00
  -7.7063551e-02  -5.3314283e+00
  -7.7276158e-02  -4.8561307e+00
  -7.7507133e-02  -4.3850216e+00
  -7.7738109e-02  -3.9575943e+00
  -7.7969084e-02  -3.5703231e+00
  -7.8200059e-02  -3.2196044e+00
  -7.8452759e-02  -2.8737779e+00
  -7.8705459e-02  -2.5640759e+00
  -7.8958158e-02  -2.2870588e+00
  -7.9210858e-02  -2.0393214e+00
  -7.9489163e-02  -1.7966355e+00
  -7.9767469e-02  -1.5823608e+00
  -8.0045774e-02  -1.3933827e+00
  -8.0324079e-02  -1.2266913e+00
  -8.0632591e-02  -1.0646927e+00
  -8.0941104e-02  -9.2389730e-01
  -8.1249616e-02  -8.0166775e-01
  -8.1558129e-02  -6.9550205e-01
  -8.1891846e-02  -5.9621480e-01
  -8.2225564e-02  -5.1103880e-01
  -8.2559282e-02  -4.3805080e-01
  -8.2893000e-02  -3.7545541e-01
  -8.3260324e-02  -3.1672281e-01
  -8.3627649e-02  -2.6716168e-01
  -8.3994973e-02  -2.2539703e-01
  -8.4362297e-02  -1.9015650e-01
  -8.4772502e-02  -1.5718999e-01
  -8.5182707e-02  -1.2993772e-01
  -8.5592913e-02  -1.0745458e-01
  -8.6003118e-02  -8.8865930e-02
  -8.6468202e-02  -7.1583652e-02
  -8.6933286e-02  -5.7664907e-02
  -8.7398370e-02  -4.6494940e-02
  -8.7863454e-02  -3.7495882e-02
  -8.8399744e-02  -2.9201751e-02
  -8.8936033e-02  -2.2744662e-02
  -8.9472323e-02  -1.7755569e-02
  -9.0008613e-02  -1.3869317e-02
  -9.0639658e-02  -1.0315410e-02
  -9.1270703e-02  -7.6737413e-03
  -9.1901748e-02  -5.7507385e-03
  -9.2532793e-02  -4.3191033e-03
  -9.3295644e-02  -2.9713899e-03
  -9.4058494e-02  -2.0478310e-03
  -9.4821344e-02  -1.4980324e-03
  -9.5584194e-02  -1.1069979e-03
  -9.6557333e-02   2.9741270e-04
  -9.7530472e-02   7.5257957e-04
  -9.8503611e-02  -7.8753818e-04
  -9.9476751e-02  -1.4134672e-03
  -9.9927786e-02  -5.7699238e-04
  -1.0037882e-01  -1.5951691e-04
  -1.0082986e-01  -2.9301454e-04
  -1.0128089e-01  -4.1984749e-04
  -1.0173193e-01  -1.8379022e-04
  -1.0218297e-01  -6.4159986e-05
  -1.0263400e-01  -9.7082112e-05
  -1.0308504e-01  -1.2889301e-04
  -1.0373532e-01   9.4406425e-05
  -1.0438560e-01   1.7089937e-04
  -1.0503588e-01  -6.6098687e-05
  -1.0568616e-01  -2.0747932e-04
  -1.0647888e-01   1.0984165e-03
  -1.0727159e-01   1.4370842e-03
  -1.0806431e-01  -4.9277544e-04
  -1.0885702e-01  -1.4800892e-03
  -1.0931168e-01  -4.9251295e-04
  -1.0976634e-01  -1.7271090e-05
  -1.1022100e-01  -2.2920953e-04
  -1.1067566e-01  -4.2110900e-04
  -1.1113031e-01  -1.4030594e-04
  -1.1158497e-01  -5.1539272e-06
  -1.1203963e-01  -6.5354124e-05
  -1.1249429e-01  -1.1986709e-04
  -1.1311537e-01   1.0389853e-04
  -1.1373645e-01   1.8060280e-04
  -1.1435752e-01  -4.8433455e-05
  -1.1497860e-01  -1.9063575e-04
  -1.1573805e-01   7.9966397e-04
  -1.1649751e-01   1.0684829e-03
  -1.1725696e-01  -3.4116961e-04
  -1.1801642e-01  -1.0890631e-03
  -1.1849836e-01  -2.5236232e-04
  -1.1898030e-01   1.2785689e-04
  -1.1946224e-01  -1.6722428e-04
  -1.1994418e-01  -4.0237983e-04
  -1.2042612e-01  -9.3240540e-05
  -1.2090806e-01   4.7240955e-05
  -1.2139000e-01  -6.1784636e-05
  -1.2187194e-01  -1.4866934e-04
  -1.2249296e-01   1.2969963e-04
  -1.2311398e-01   2.2507138e-04
  -1.2373500e-01  -6.0024864e-05
  -1.2435602e-01  -2.3705599e-04
  -1.2508290e-01   7.3155229e-04
  -1.2580979e-01   1.0081428e-03
  -1.2653667e-01  -3.0325793e-04
  -1.2726355e-01  -1.0242838e-03
  -1.2775458e-01  -1.9741682e-04
  -1.2824561e-01   1.7120816e-04
  -1.2873665e-01  -1.5929987e-04
  -1.2922768e-01  -4.1530214e-04
  -1.2971871e-01  -8.0042212e-05
  -1.3020975e-01   6.9420019e-05
  -1.3070078e-01  -6.4588328e-05
  -1.3119181e-01  -1.6838768e-04
  -1.3180715e-01   1.3435201e-04
  -1.3242250e-01   2.3918476e-04
  -1.3303784e-01  -6.3969893e-05
  -1.3365319e-01  -2.5354486e-04
  -1.3436333e-01   6.6133802e-04
  -1.3507348e-01   9.2970491e-04
  -1.3578363e-01  -2.7153358e-04
  -1.3649378e-01  -9.4432185e-04
  -1.3699367e-01  -1.4326668e-04
  -1.3749356e-01   2.0724661e-04
  -1.3799345e-01  -1.4985462e-04
  -1.3849333e-01  -4.1988783e-04
  -1.3899322e-01  -6.3701032e-05
  -1.3949311e-01   9.2153871e-05
  -1.3999300e-01  -6.6631375e-05
  -1.4049289e-01  -1.8670200e-04
  -1.4110519e-01   1.4175901e-04
  -1.4171749e-01   2.5615519e-04
  -1.4232979e-01  -6.8668090e-05
  -1.4294209e-01  -2.7256924e-04
  -1.4363834e-01   6.1435771e-04
  -1.4433458e-01   8.8053023e-04
  -1.4503082e-01  -2.5125710e-04
  -1.4572707e-01  -8.9505117e-04
  -1.4635757e-01   8.9947717e-04
  -1.4698807e-01   1.5035678e-03
  -1.4761858e-01  -4.0052865e-04
  -1.4824908e-01  -1.5692672e-03
  -1.4875533e-01  -1.8871594e-04
  -1.4926158e-01   4.0732059e-04
  -1.4976783e-01  -2.5387581e-04
  -1.5027407e-01  -7.4615069e-04
  -1.5074353e-01  -2.0926423e-04
  -1.5121299e-01   4.1179382e-05
  -1.5168245e-01  -1.1393236e-04
  -1.5215191e-01  -2.4362548e-04
  -1.5270294e-01   3.8504147e-05
  -1.5325398e-01   1.4944134e-04
  -1.5380501e-01  -5.0483426e-05
  -1.5435605e-01  -1.8717294e-04
  -1.5502819e-01   3.2214455e-04
  -1.5570034e-01   4.8134346e-04
  -1.5637249e-01  -1.3254370e-04
  -1.5704463e-01  -4.9138661e-04
  -1.5772887e-01   9.7110810e-04
  -1.5841311e-01   1.4189181e-03
  -1.5909735e-01  -3.9739327e-04
  -1.5978159e-01  -1.4446142e-03
  -1.6034383e-01   3.5559849e-04
  -1.6090608e-01   1.0474352e-03
  -1.6146833e-01  -3.2731075e-04
  -1.6203057e-01  -1.2510834e-03
  -1.6249982e-01  -3.5183357e-04
  -1.6296908e-01   6.7823556e-05
  -1.6343833e-01  -1.9103791e-04
  -1.6390758e-01  -4.0767531e-04
  -1.6440453e-01  -6.7532841e-05
  -1.6490149e-01   8.2225301e-05
  -1.6539844e-01  -6.4207528e-05
  -1.6589540e-01  -1.7578499e-04
  -1.6651188e-01   1.4285014e-04
  -1.6712837e-01   2.5294926e-04
  -1.6774486e-01  -6.7601628e-05
  -1.6836135e-01  -2.6776932e-04
  -1.6906519e-01   6.5414354e-04
  -1.6976902e-01   9.2737319e-04
  -1.7047286e-01  -2.6795944e-04
  -1.7117670e-01  -9.4215666e-04
  -1.7167764e-01  -1.3811593e-04
  -1.7217859e-01   2.1291938e-04
  -1.7267954e-01  -1.4994946e-04
  -1.7318049e-01  -4.2361059e-04
  -1.7368143e-01  -6.2097612e-05
  -1.7418238e-01   9.5735173e-05
  -1.7468333e-01  -6.7419267e-05
  -1.7518428e-01  -1.9046403e-04
  -1.7579530e-01   1.4157539e-04
  -1.7640632e-01   2.5749940e-04
  -1.7701734e-01  -6.9107947e-05
  -1.7762836e-01  -2.7446000e-04
  -1.7832208e-01   6.0206843e-04
  -1.7901581e-01   8.6622234e-04
  -1.7970954e-01  -2.4617760e-04
  -1.8040326e-01  -8.8073119e-04
  -1.8103333e-01   8.7948741e-04
  -1.8166339e-01   1.4725076e-03
  -1.8229346e-01  -3.9223829e-04
  -1.8292352e-01  -1.5374317e-03
  -1.8343147e-01  -1.7150564e-04
  -1.8393942e-01   4.1610963e-04
  -1.8444736e-01  -2.5018110e-04
  -1.8495531e-01  -7.4429481e-04
  -1.8542645e-01  -2.0408078e-04
  -1.8589759e-01   4.7030867e-05
  -1.8636873e-01  -1.1364482e-04
  -1.8683987e-01  -2.4702046e-04
  -1.8739088e-01   3.9004543e-05
  -1.8794190e-01   1.5147796e-04
  -1.8849291e-01  -5.1179391e-05
  -1.8904393e-01  -1.8974150e-04
  -1.8971422e-01   3.1953033e-04
  -1.9038451e-01   4.7922443e-04
  -1.9105481e-01  -1.3164499e-04
  -1.9172510e-01  -4.8948202e-04
  -1.9240783e-01   9.5108431e-04
  -1.9309055e-01   1.3933090e-03
  -1.9377328e-01  -3.8935040e-04
  -1.9445601e-01  -1.4189284e-03
  -1.9501892e-01   3.5714410e-04
  -1.9558184e-01   1.0387748e-03
  -1.9614476e-01  -3.2330550e-04
  -1.9670767e-01  -1.2376487e-03
  -1.9717852e-01  -3.4072324e-04
  -1.9764936e-01   7.6457433e-05
  -1.9812021e-01  -1.8897367e-04
  -1.9859105e-01  -4.0958067e-04
  -1.9908883e-01  -6.6262498e-05
  -1.9958660e-01   8.4631980e-05
  -2.0008438e-01  -6.4638427e-05
  -2.0058216e-01  -1.7813169e-04
  -2.0119791e-01   1.4307140e-04
  -2.0181367e-01   2.5421115e-04
  -2.0242943e-01  -6.7970042e-05
  -2.0304518e-01  -2.6933947e-04
  -2.0374730e-01   6.4621731e-04
  -2.0444942e-01   9.1832907e-04
  -2.0515154e-01  -2.6458499e-04
  -2.0585366e-01  -9.3305618e-04
  -2.0635565e-01  -1.3206268e-04
  -2.0685763e-01   2.1687882e-04
  -2.0735961e-01  -1.4894359e-04
  -2.0786160e-01  -4.2412004e-04
  -2.0836358e-01  -6.0027196e-05
  -2.0886557e-01   9.8584915e-05
  -2.0936755e-01  -6.7701510e-05
  -2.0986953e-01  -1.9278458e-04
  -2.1048021e-01   1.4248074e-04
  -2.1109089e-01   2.5960744e-04
  -2.1170156e-01  -6.9696463e-05
  -2.1231224e-01  -2.7683370e-04
  -2.1300436e-01   5.9676175e-04
  -2.1369647e-01   8.6073892e-04
  -2.1438859e-01  -2.4399569e-04
  -2.1508071e-01  -8.7531661e-04
  -2.1570997e-01   8.6388841e-04
  -2.1633922e-01   1.4507025e-03
  -2.1696848e-01  -3.8640909e-04
  -2.1759774e-01  -1.5157365e-03
  -2.1810643e-01  -1.6324866e-04
  -2.1861512e-01   4.1767487e-04
  -2.1912381e-01  -2.4730413e-04
  -2.1963250e-01  -7.3960608e-04
  -2.2010487e-01  -1.9935466e-04
  -2.2057724e-01   5.1127398e-05
  -2.2104962e-01  -1.1294271e-04
  -2.2152199e-01  -2.4843809e-04
  -2.2207348e-01   4.0125790e-05
  -2.2262498e-01   1.5348545e-04
  -2.2317648e-01  -5.1660695e-05
  -2.2372797e-01  -1.9181698e-04
  -2.2439740e-01   3.1974798e-04
  -2.2506683e-01   4.8040053e-04
  -2.2573626e-01  -1.3182396e-04
  -2.2640569e-01  -4.9080964e-04
  -2.2708710e-01   9.3957605e-04
  -2.2776850e-01   1.3796593e-03
  -2.2844991e-01  -3.8479421e-04
  -2.2913132e-01  -1.4053827e-03
  -2.2969413e-01   3.5256477e-04
  -2.3025695e-01   1.0273770e-03
  -2.3081976e-01  -3.1994855e-04
  -2.3138258e-01  -1.2245230e-03
  -2.3185434e-01  -3.3288228e-04
  -2.3232610e-01   8.1044300e-05
  -2.3279787e-01  -1.8698008e-04
  -2.3326963e-01  -4.0888267e-04
  -2.3376832e-01  -6.4370336e-05
  -2.3426702e-01   8.6756459e-05
  -2.3476571e-01  -6.4679331e-05
  -2.3526441e-01  -1.7954423e-04
  -2.3588020e-01   1.4428520e-04
  -2.3649599e-01   2.5632644e-04
  -2.3711178e-01  -6.8534109e-05
  -2.3772757e-01  -2.7156951e-04
  -2.3842857e-01   6.4394481e-04
  -2.3912958e-01   9.1654362e-04
  -2.3983058e-01  -2.6358142e-04
  -2.4053159e-01  -9.3130702e-04
  -2.4103388e-01  -1.3040010e-04
  -2.4153617e-01   2.1827604e-04
  -2.4203847e-01  -1.4879964e-04
  -2.4254076e-01  -4.2470764e-04
  -2.4304306e-01  -5.9465063e-05
  -2.4354535e-01   9.9544096e-05
  -2.4404764e-01  -6.7856998e-05
  -2.4454994e-01  -1.9368222e-04
  -2.4516038e-01   1.4259952e-04
  -2.4577083e-01   2.6013218e-04
  -2.4638128e-01  -6.9852760e-05
  -2.4699173e-01  -2.7747807e-04
  -2.4774380e-01   1.0886058e-03
  -2.4849587e-01   1.4636318e-03
  -2.4924793e-01  -4.6094204e-04
  -2.5000000e-01  -1.4902918e-03
