  -0.0000000e+00  -1.1102230e-16
  -6.2500000e-03   1.4804713e-11
  -1.2500000e-02   1.3617329e-11
  -1.8750000e-02  -1.6243784e-11
  -2.5000000e-02  -1.3165136e-11
  -2.8409033e-02   8.3760505e-08
  -3.1818066e-02   8.3391875e-08
  -3.5227099e-02  -7.9809164e-08
  -3.8636132e-02  -8.6201568e-08
  -3.9330704e-02  -2.3394088e-08
  -4.0025277e-02   3.6575012e-09
  -4.0719850e-02  -2.2261834e-08
  -4.1414423e-02  -4.5258514e-08
  -4.2108996e-02  -2.8984756e-08
  -4.2803568e-02  -2.9493672e-08
  -4.3498141e-02  -5.5100969e-08
  -4.4192714e-02  -8.8041547e-08
  -4.5416718e-02  -6.0409798e-08
  -4.6640722e-02  -1.9739351e-07
  -4.7864726e-02  -7.2647754e-07
  -4.9088730e-02  -1.5683557e-06
  -4.9887479e-02  -2.3003859e-06
  -5.0686228e-02  -3.6622231e-06
  -5.1484977e-02  -6.0901121e-06
  -5.2283726e-02  -9.9338267e-06
  -5.3082475e-02  -1.5906875e-05
  -5.3881224e-02  -2.5607715e-05
  -5.4679973e-02  -4.1534386e-05
  -5.5478722e-02  -6.7362768e-05
  -5.6032033e-02  -9.3955220e-05
  -5.6585345e-02  -1.3098825e-04
  -5.7138656e-02  -1.8266762e-04
  -5.7691968e-02  -2.5478914e-04
  -5.8101157e-02  -3.2576623e-04
  -5.8510347e-02  -4.1633423e-04
  -5.8919537e-02  -5.3189369e-04
  -5.9328726e-02  -6.7928760e-04
  -5.9655696e-02  -8.2558206e-04
  -5.9982665e-02  -1.0028779e-03
  -6.0309634e-02  -1.2175615e-03
  -6.0636604e-02  -1.4772585e-03
  -6.0963573e-02  -1.7909364e-03
  -6.1290543e-02  -2.1690141e-03
  -6.1617512e-02  -2.6237804e-03
  -6.1944481e-02  -3.1694444e-03
  -6.2221362e-02  -3.7144418e-03
  -6.2498242e-02  -4.3468809e-03
  -6.2775123e-02  -5.0784987e-03
  -6.3052003e-02  -5.9217938e-03
  -6.3290558e-02  -6.7477707e-03
  -6.3529112e-02  -7.6744797e-03
  -6.3767667e-02  -8.7099062e-03
  -6.4006221e-02  -9.8614043e-03
  -6.4219819e-02  -1.0996078e-02
  -6.4433417e-02  -1.2232264e-02
  -6.4647014e-02  -1.3571936e-02
  -6.4860612e-02  -1.5015250e-02
  -6.5058570e-02  -1.6443689e-02
  -6.5256528e-02  -1.7955883e-02
  -6.5454486e-02  -1.9546037e-02
  -6.5652445e-02  -2.1205888e-02
  -6.5840969e-02  -2.2841558e-02
  -6.6029493e-02  -2.4519197e-02
  -6.6218018e-02  -2.6225111e-02
  -6.6406542e-02  -2.7943439e-02
  -6.6589512e-02  -2.9606242e-02
  -6.6772482e-02  -3.1246672e-02
  -6.6955452e-02  -3.2846234e-02
  -6.7138422e-02  -3.4385646e-02
  -6.7317303e-02  -3.5813822e-02
  -6.7496184e-02  -3.7148411e-02
  -6.7675064e-02  -3.8372646e-02
  -6.7853945e-02  -3.9470751e-02
  -6.8027798e-02  -4.0403673e-02
  -6.8201650e-02  -4.1193462e-02
  -6.8375503e-02  -4.1831502e-02
  -6.8549355e-02  -4.2311100e-02
  -6.8716440e-02  -4.2618622e-02
  -6.8883525e-02  -4.2774638e-02
  -6.9050610e-02  -4.2779975e-02
  -6.9217696e-02  -4.2636998e-02
  -6.9377758e-02  -4.2364706e-02
  -6.9537821e-02  -4.1965816e-02
  -6.9697883e-02  -4.1447172e-02
  -6.9857946e-02  -4.0816219e-02
  -7.0012538e-02  -4.0107895e-02
  -7.0167131e-02  -3.9311159e-02
  -7.0321723e-02  -3.8434969e-02
  -7.0476316e-02  -3.7488100e-02
  -7.0627702e-02  -3.6500815e-02
  -7.0779087e-02  -3.5463104e-02
  -7.0930473e-02  -3.4383598e-02
  -7.1081859e-02  -3.3270273e-02
  -7.1232262e-02  -3.2138147e-02
  -7.1382665e-02  -3.0987827e-02
  -7.1533068e-02  -2.9826448e-02
  -7.1683470e-02  -2.8660263e-02
  -7.1834899e-02  -2.7486989e-02
  -7.1986328e-02  -2.6320498e-02
  -7.2137757e-02  -2.5166004e-02
  -7.2289186e-02  -2.4027785e-02
  -7.2443492e-02  -2.2888466e-02
  -7.2597797e-02  -2.1773818e-02
  -7.2752103e-02  -2.0687114e-02
  -7.2906409e-02  -1.9630743e-02
  -7.3065380e-02  -1.8576082e-02
  -7.3224352e-02  -1.7557706e-02
  -7.3383323e-02  -1.6577138e-02
  -7.3542294e-02  -1.5635127e-02
  -7.3707750e-02  -1.4695969e-02
  -7.3873205e-02  -1.3799476e-02
  -7.4038660e-02  -1.2945712e-02
  -7.4204115e-02  -1.2134107e-02
  -7.4377976e-02  -1.1325725e-02
  -7.4551837e-02  -1.0562225e-02
  -7.4725699e-02  -9.8425394e-03
  -7.4899560e-02  -9.1651173e-03
  -7.5083921e-02  -8.4910281e-03
  -7.5268282e-02  -7.8608817e-03
  -7.5452643e-02  -7.2728066e-03
  -7.5637004e-02  -6.7245933e-03
  -7.5834186e-02  -6.1798098e-03
  -7.6031367e-02  -5.6757764e-03
  -7.6228549e-02  -5.2101211e-03
  -7.6425731e-02  -4.7802657e-03
  -7.6638338e-02  -4.3539895e-03
  -7.6850944e-02  -3.9637977e-03
  -7.7063551e-02  -3.6070853e-03
  -7.7276158e-02  -3.2811521e-03
  -7.7507133e-02  -2.9589488e-03
  -7.7738109e-02  -2.6673533e-03
  -7.7969084e-02  -2.4037511e-03
  -7.8200059e-02  -2.1655187e-03
  -7.8452759e-02  -1.9310645e-03
  -7.8705459e-02  -1.7214822e-03
  -7.8958158e-02  -1.5343221e-03
  -7.9210858e-02  -1.3671870e-03
  -7.9489163e-02  -1.2036819e-03
  -7.9767469e-02  -1.0595000e-03
  -8.0045774e-02  -9.3248079e-04
  -8.0324079e-02  -8.2055101e-04
  -8.0632591e-02  -7.1187093e-04
  -8.0941104e-02  -6.1749395e-04
  -8.1249616e-02  -5.3562102e-04
  -8.1558129e-02  -4.6455272e-04
  -8.1891846e-02  -3.9812649e-04
  -8.2225564e-02  -3.4116994e-04
  -8.2559282e-02  -2.9238454e-04
  -8.2893000e-02  -2.5056116e-04
  -8.3260324e-02  -2.1133179e-04
  -8.3627649e-02  -1.7823816e-04
  -8.3994973e-02  -1.5035747e-04
  -8.4362297e-02  -1.2683703e-04
  -8.4772502e-02  -1.0483844e-04
  -8.5182707e-02  -8.6655977e-05
  -8.5592913e-02  -7.1657463e-05
  -8.6003118e-02  -5.9258369e-05
  -8.6468202e-02  -4.7731789e-05
  -8.6933286e-02  -3.8449341e-05
  -8.7398370e-02  -3.1000573e-05
  -8.7863454e-02  -2.4999820e-05
  -8.8399744e-02  -1.9469390e-05
  -8.8936033e-02  -1.5164052e-05
  -8.9472323e-02  -1.1837621e-05
  -9.0008613e-02  -9.2465623e-06
  -9.0639658e-02  -6.8771345e-06
  -9.1270703e-02  -5.1159351e-06
  -9.1901748e-02  -3.8338860e-06
  -9.2532793e-02  -2.8794362e-06
  -9.3295644e-02  -1.9809429e-06
  -9.4058494e-02  -1.3652285e-06
  -9.4821344e-02  -9.9869233e-07
  -9.5584194e-02  -7.3800074e-07
  -9.6557333e-02   1.9827558e-07
  -9.7530472e-02   5.0172053e-07
  -9.8503611e-02  -5.2502572e-07
  -9.9476751e-02  -9.4231143e-07
  -9.9927786e-02  -3.8466168e-07
  -1.0037882e-01  -1.0634464e-07
  -1.0082986e-01  -1.9534307e-07
  -1.0128089e-01  -2.7989835e-07
  -1.0173193e-01  -1.2252683e-07
  -1.0218297e-01  -4.2773331e-08
  -1.0263400e-01  -6.4721415e-08
  -1.0308504e-01  -8.5928681e-08
  -1.0373532e-01   6.2937625e-08
  -1.0438560e-01   1.1393293e-07
  -1.0503588e-01  -4.4065792e-08
  -1.0568616e-01  -1.3831954e-07
  -1.0647888e-01   7.3227804e-07
  -1.0727159e-01   9.5805682e-07
  -1.0806431e-01  -3.2851689e-07
  -1.0885702e-01  -9.8672547e-07
  -1.0931168e-01  -3.2834190e-07
  -1.0976634e-01  -1.1514060e-08
  -1.1022100e-01  -1.5280634e-07
  -1.1067566e-01  -2.8073928e-07
  -1.1113031e-01  -9.3537288e-08
  -1.1158497e-01  -3.4359515e-09
  -1.1203963e-01  -4.3569415e-08
  -1.1249429e-01  -7.9911389e-08
  -1.1311537e-01   6.9265691e-08
  -1.1373645e-01   1.2040188e-07
  -1.1435752e-01  -3.2288969e-08
  -1.1497860e-01  -1.2709049e-07
  -1.1573805e-01   5.3310951e-07
  -1.1649751e-01   7.1232230e-07
  -1.1725696e-01  -2.2744637e-07
  -1.1801642e-01  -7.2604173e-07
  -1.1849836e-01  -1.6824152e-07
  -1.1898030e-01   8.5237931e-08
  -1.1946224e-01  -1.1148284e-07
  -1.1994418e-01  -2.6825317e-07
  -1.2042612e-01  -6.2160357e-08
  -1.2090806e-01   3.1493971e-08
  -1.2139000e-01  -4.1189756e-08
  -1.2187194e-01  -9.9112888e-08
  -1.2249296e-01   8.6466423e-08
  -1.2311398e-01   1.5004760e-07
  -1.2373500e-01  -4.0016575e-08
  -1.2435602e-01  -1.5803731e-07
  -1.2508290e-01   4.8770169e-07
  -1.2580979e-01   6.7209554e-07
  -1.2653667e-01  -2.0217193e-07
  -1.2726355e-01  -6.8285551e-07
  -1.2775458e-01  -1.3161120e-07
  -1.2824561e-01   1.1413878e-07
  -1.2873665e-01  -1.0619991e-07
  -1.2922768e-01  -2.7686804e-07
  -1.2971871e-01  -5.3361473e-08
  -1.3020975e-01   4.6280014e-08
  -1.3070078e-01  -4.3058884e-08
  -1.3119181e-01  -1.1225844e-07
  -1.3180715e-01   8.9568014e-08
  -1.3242250e-01   1.5945652e-07
  -1.3303784e-01  -4.2646594e-08
  -1.3365319e-01  -1.6902989e-07
  -1.3436333e-01   4.4089215e-07
  -1.3507348e-01   6.1980354e-07
  -1.3578363e-01  -1.8102236e-07
  -1.3649378e-01  -6.2954762e-07
  -1.3699367e-01  -9.5511116e-08
  -1.3749356e-01   1.3816442e-07
  -1.3799345e-01  -9.9903074e-08
  -1.3849333e-01  -2.7992516e-07
  -1.3899322e-01  -4.2467354e-08
  -1.3949311e-01   6.1435917e-08
  -1.3999300e-01  -4.4420915e-08
  -1.4049289e-01  -1.2446799e-07
  -1.4110519e-01   9.4506012e-08
  -1.4171749e-01   1.7077015e-07
  -1.4232979e-01  -4.5778725e-08
  -1.4294209e-01  -1.8171281e-07
  -1.4363834e-01   4.0957193e-07
  -1.4433458e-01   5.8702040e-07
  -1.4503082e-01  -1.6750471e-07
  -1.4572707e-01  -5.9670053e-07
  -1.4635757e-01   5.9965170e-07
  -1.4698807e-01   1.0023792e-06
  -1.4761858e-01  -2.6701905e-07
  -1.4824908e-01  -1.0461774e-06
  -1.4875533e-01  -1.2581061e-07
  -1.4926158e-01   2.7154711e-07
  -1.4976783e-01  -1.6925052e-07
  -1.5027407e-01  -4.9743362e-07
  -1.5074353e-01  -1.3950947e-07
  -1.5121299e-01   2.7452922e-08
  -1.5168245e-01  -7.5954905e-08
  -1.5215191e-01  -1.6241697e-07
  -1.5270294e-01   2.5669432e-08
  -1.5325398e-01   9.9627565e-08
  -1.5380501e-01  -3.3655617e-08
  -1.5435605e-01  -1.2478195e-07
  -1.5502819e-01   2.1476306e-07
  -1.5570034e-01   3.2089571e-07
  -1.5637249e-01  -8.8362464e-08
  -1.5704463e-01  -3.2759100e-07
  -1.5772887e-01   6.4740569e-07
  -1.5841311e-01   9.4594600e-07
  -1.5909735e-01  -2.6492880e-07
  -1.5978159e-01  -9.6307549e-07
  -1.6034383e-01   2.3706570e-07
  -1.6090608e-01   6.9829047e-07
  -1.6146833e-01  -2.1820713e-07
  -1.6203057e-01  -8.3405513e-07
  -1.6249982e-01  -2.3455568e-07
  -1.6296908e-01   4.5215705e-08
  -1.6343833e-01  -1.2735860e-07
  -1.6390758e-01  -2.7178349e-07
  -1.6440453e-01  -4.5021892e-08
  -1.6490149e-01   5.4816869e-08
  -1.6539844e-01  -4.2805018e-08
  -1.6589540e-01  -1.1718999e-07
  -1.6651188e-01   9.5233431e-08
  -1.6712837e-01   1.6863286e-07
  -1.6774486e-01  -4.5067750e-08
  -1.6836135e-01  -1.7851285e-07
  -1.6906519e-01   4.3609583e-07
  -1.6976902e-01   6.1824906e-07
  -1.7047286e-01  -1.7863961e-07
  -1.7117670e-01  -6.2810417e-07
  -1.7167764e-01  -9.2077279e-08
  -1.7217859e-01   1.4194627e-07
  -1.7267954e-01  -9.9966297e-08
  -1.7318049e-01  -2.8240700e-07
  -1.7368143e-01  -4.1398407e-08
  -1.7418238e-01   6.3823451e-08
  -1.7468333e-01  -4.4946176e-08
  -1.7518428e-01  -1.2697601e-07
  -1.7579530e-01   9.4383600e-08
  -1.7640632e-01   1.7166629e-07
  -1.7701734e-01  -4.6071963e-08
  -1.7762836e-01  -1.8297331e-07
  -1.7832208e-01   4.0137907e-07
  -1.7901581e-01   5.7748179e-07
  -1.7970954e-01  -1.6411838e-07
  -1.8040326e-01  -5.8715389e-07
  -1.8103333e-01   5.8632518e-07
  -1.8166339e-01   9.8167241e-07
  -1.8229346e-01  -2.6149215e-07
  -1.8292352e-01  -1.0249537e-06
  -1.8343147e-01  -1.1433709e-07
  -1.8393942e-01   2.7740647e-07
  -1.8444736e-01  -1.6678738e-07
  -1.8495531e-01  -4.9619637e-07
  -1.8542645e-01  -1.3605384e-07
  -1.8589759e-01   3.1353912e-08
  -1.8636873e-01  -7.5763211e-08
  -1.8683987e-01  -1.6468029e-07
  -1.8739088e-01   2.6003029e-08
  -1.8794190e-01   1.0098532e-07
  -1.8849291e-01  -3.4119593e-08
  -1.8904393e-01  -1.2649433e-07
  -1.8971422e-01   2.1302025e-07
  -1.9038451e-01   3.1948302e-07
  -1.9105481e-01  -8.7763324e-08
  -1.9172510e-01  -3.2632127e-07
  -1.9240783e-01   6.3405649e-07
  -1.9309055e-01   9.2887329e-07
  -1.9377328e-01  -2.5956688e-07
  -1.9445601e-01  -9.4595161e-07
  -1.9501892e-01   2.3809611e-07
  -1.9558184e-01   6.9251685e-07
  -1.9614476e-01  -2.1553697e-07
  -1.9670767e-01  -8.2509864e-07
  -1.9717852e-01  -2.2714879e-07
  -1.9764936e-01   5.0971624e-08
  -1.9812021e-01  -1.2598244e-07
  -1.9859105e-01  -2.7305372e-07
  -1.9908883e-01  -4.4174998e-08
  -1.9958660e-01   5.6421322e-08
  -2.0008438e-01  -4.3092283e-08
  -2.0058216e-01  -1.1875445e-07
  -2.0119791e-01   9.5380940e-08
  -2.0181367e-01   1.6947412e-07
  -2.0242943e-01  -4.5313360e-08
  -2.0304518e-01  -1.7955962e-07
  -2.0374730e-01   4.3081167e-07
  -2.0444942e-01   6.1221964e-07
  -2.0515154e-01  -1.7638997e-07
  -2.0585366e-01  -6.2203718e-07
  -2.0635565e-01  -8.8041781e-08
  -2.0685763e-01   1.4458589e-07
  -2.0735961e-01  -9.9295720e-08
  -2.0786160e-01  -2.8274664e-07
  -2.0836358e-01  -4.0018130e-08
  -2.0886557e-01   6.5723280e-08
  -2.0936755e-01  -4.5134338e-08
  -2.0986953e-01  -1.2852304e-07
  -2.1048021e-01   9.4987169e-08
  -2.1109089e-01   1.7307165e-07
  -2.1170156e-01  -4.6464307e-08
  -2.1231224e-01  -1.8455577e-07
  -2.1300436e-01   3.9784128e-07
  -2.1369647e-01   5.7382618e-07
  -2.1438859e-01  -1.6266378e-07
  -2.1508071e-01  -5.8354417e-07
  -2.1570997e-01   5.7592584e-07
  -2.1633922e-01   9.6713567e-07
  -2.1696848e-01  -2.5760602e-07
  -2.1759774e-01  -1.0104903e-06
  -2.1810643e-01  -1.0883243e-07
  -2.1861512e-01   2.7844997e-07
  -2.1912381e-01  -1.6486940e-07
  -2.1963250e-01  -4.9307055e-07
  -2.2010487e-01  -1.3290309e-07
  -2.2057724e-01   3.4084933e-08
  -2.2104962e-01  -7.5295137e-08
  -2.2152199e-01  -1.6562538e-07
  -2.2207348e-01   2.6750527e-08
  -2.2262498e-01   1.0232364e-07
  -2.2317648e-01  -3.4440462e-08
  -2.2372797e-01  -1.2787798e-07
  -2.2439740e-01   2.1316535e-07
  -2.2506683e-01   3.2026709e-07
  -2.2573626e-01  -8.7882632e-08
  -2.2640569e-01  -3.2720635e-07
  -2.2708710e-01   6.2638431e-07
  -2.2776850e-01   9.1977345e-07
  -2.2844991e-01  -2.5652943e-07
  -2.2913132e-01  -9.3692121e-07
  -2.2969413e-01   2.3504322e-07
  -2.3025695e-01   6.8491832e-07
  -2.3081976e-01  -2.1329900e-07
  -2.3138258e-01  -8.1634823e-07
  -2.3185434e-01  -2.2192149e-07
  -2.3232610e-01   5.4029535e-08
  -2.3279787e-01  -1.2465337e-07
  -2.3326963e-01  -2.7258839e-07
  -2.3376832e-01  -4.2913556e-08
  -2.3426702e-01   5.7837642e-08
  -2.3476571e-01  -4.3119552e-08
  -2.3526441e-01  -1.1969615e-07
  -2.3588020e-01   9.6190137e-08
  -2.3649599e-01   1.7088431e-07
  -2.3711178e-01  -4.5689405e-08
  -2.3772757e-01  -1.8104632e-07
  -2.3842857e-01   4.2929667e-07
  -2.3912958e-01   6.1102934e-07
  -2.3983058e-01  -1.7572092e-07
  -2.4053159e-01  -6.2087108e-07
  -2.4103388e-01  -8.6933393e-08
  -2.4153617e-01   1.4551738e-07
  -2.4203847e-01  -9.9199756e-08
  -2.4254076e-01  -2.8313837e-07
  -2.4304306e-01  -3.9643374e-08
  -2.4354535e-01   6.6362734e-08
  -2.4404764e-01  -4.5237997e-08
  -2.4454994e-01  -1.2912147e-07
  -2.4516038e-01   9.5066351e-08
  -2.4577083e-01   1.7342148e-07
  -2.4638128e-01  -4.6568505e-08
  -2.4699173e-01  -1.8498536e-07
  -2.4774380e-01   7.2573759e-07
  -2.4849587e-01   9.7575522e-07
  -2.4924793e-01  -3.0729463e-07
  -2.5000000e-01  -9.9352716e-07
