  400  1.0000E-03
   i   x             den           ener          pres          vel           cs
    1  2.500000E-03  2.766724E-07  2.696817E+12  2.984540E+05  1.190476E+00  1.228909E+06
    2  7.500000E-03  4.312896E-06  1.730009E+11  2.984540E+05  3.571429E+00  3.112563E+05
    3  1.250000E-02  1.546646E-05  4.824214E+10  2.984540E+05  5.952381E+00  1.643642E+05
    4  1.750000E-02  3.586831E-05  2.080207E+10  2.984540E+05  8.333333E+00  1.079313E+05
    5  2.250000E-02  6.723139E-05  1.109801E+10  2.984540E+05  1.071429E+01  7.883456E+04
    6  2.750000E-02  1.110318E-04  6.720009E+09  2.984540E+05  1.309524E+01  6.134497E+04
    7  3.250000E-02  1.685870E-04  4.425814E+09  2.984540E+05  1.547619E+01  4.978409E+04
    8  3.750000E-02  2.410982E-04  3.094735E+09  2.984540E+05  1.785714E+01  4.162993E+04
    9  4.250000E-02  3.296766E-04  2.263233E+09  2.984540E+05  2.023810E+01  3.560071E+04
   10  4.750000E-02  4.353614E-04  1.713829E+09  2.984540E+05  2.261905E+01  3.097974E+04
   11  5.250000E-02  5.591318E-04  1.334453E+09  2.984540E+05  2.500000E+01  2.733667E+04
   12  5.750000E-02  7.019167E-04  1.062997E+09  2.984541E+05  2.738096E+01  2.439832E+04
   13  6.250000E-02  8.646017E-04  8.629816E+08  2.984541E+05  2.976191E+01  2.198340E+04
   14  6.750000E-02  1.048035E-03  7.119379E+08  2.984542E+05  3.214286E+01  1.996710E+04
   15  7.250000E-02  1.253030E-03  5.954654E+08  2.984543E+05  3.452382E+01  1.826090E+04
   16  7.750000E-02  1.480372E-03  5.040194E+08  2.984545E+05  3.690478E+01  1.680032E+04
   17  8.250000E-02  1.730819E-03  4.310887E+08  2.984546E+05  3.928573E+01  1.553736E+04
   18  8.750000E-02  2.005105E-03  3.721186E+08  2.984548E+05  4.166669E+01  1.443560E+04
   19  9.250000E-02  2.303943E-03  3.238524E+08  2.984551E+05  4.404766E+01  1.346690E+04
   20  9.750000E-02  2.628025E-03  2.839161E+08  2.984553E+05  4.642862E+01  1.260924E+04
   21  1.025000E-01  2.978023E-03  2.505485E+08  2.984557E+05  4.880959E+01  1.184513E+04
   22  1.075000E-01  3.354596E-03  2.224233E+08  2.984561E+05  5.119056E+01  1.116051E+04
   23  1.125000E-01  3.758383E-03  1.985272E+08  2.984566E+05  5.357154E+01  1.054397E+04
   24  1.175000E-01  4.190012E-03  1.780765E+08  2.984572E+05  5.595252E+01  9.986134E+03
   25  1.225000E-01  4.650095E-03  1.604579E+08  2.984578E+05  5.833351E+01  9.479263E+03
   26  1.275000E-01  5.139232E-03  1.451864E+08  2.984586E+05  6.071451E+01  9.016893E+03
   27  1.325000E-01  5.658011E-03  1.318747E+08  2.984595E+05  6.309551E+01  8.593593E+03
   28  1.375000E-01  6.207009E-03  1.202111E+08  2.984605E+05  6.547652E+01  8.204767E+03
   29  1.425000E-01  6.786791E-03  1.099421E+08  2.984616E+05  6.785755E+01  7.846500E+03
   30  1.475000E-01  7.397915E-03  1.008605E+08  2.984629E+05  7.023859E+01  7.515442E+03
   31  1.525000E-01  8.040926E-03  9.279538E+07  2.984643E+05  7.261964E+01  7.208704E+03
   32  1.575000E-01  8.716363E-03  8.560507E+07  2.984659E+05  7.500070E+01  6.923788E+03
   33  1.625000E-01  9.424755E-03  7.917123E+07  2.984678E+05  7.738179E+01  6.658520E+03
   34  1.675000E-01  1.016662E-02  7.339452E+07  2.984698E+05  7.976289E+01  6.411001E+03
   35  1.725000E-01  1.094248E-02  6.819112E+07  2.984720E+05  8.214402E+01  6.179565E+03
   36  1.775000E-01  1.175284E-02  6.348988E+07  2.984745E+05  8.452517E+01  5.962745E+03
   37  1.825000E-01  1.259819E-02  5.923018E+07  2.984772E+05  8.690634E+01  5.759245E+03
   38  1.875000E-01  1.347903E-02  5.536010E+07  2.984802E+05  8.928755E+01  5.567913E+03
   39  1.925000E-01  1.439585E-02  5.183499E+07  2.984835E+05  9.166879E+01  5.387727E+03
   40  1.975000E-01  1.534913E-02  4.861630E+07  2.984871E+05  9.405006E+01  5.217771E+03
   41  2.025000E-01  1.633934E-02  4.567062E+07  2.984911E+05  9.643138E+01  5.057227E+03
   42  2.075000E-01  1.736696E-02  4.296887E+07  2.984954E+05  9.881273E+01  4.905361E+03
   43  2.125000E-01  1.843244E-02  4.048570E+07  2.985001E+05  1.011941E+02  4.761511E+03
   44  2.175000E-01  1.953626E-02  3.819887E+07  2.985052E+05  1.035756E+02  4.625080E+03
   45  2.225000E-01  2.067886E-02  3.608887E+07  2.985107E+05  1.059571E+02  4.495528E+03
   46  2.275000E-01  2.186070E-02  3.413851E+07  2.985167E+05  1.083387E+02  4.372364E+03
   47  2.325000E-01  2.308223E-02  3.233257E+07  2.985231E+05  1.107203E+02  4.255143E+03
   48  2.375000E-01  2.434388E-02  3.065760E+07  2.985301E+05  1.131020E+02  4.143460E+03
   49  2.425000E-01  2.564611E-02  2.910164E+07  2.985375E+05  1.154837E+02  4.036944E+03
   50  2.475000E-01  2.698934E-02  2.765403E+07  2.985456E+05  1.178656E+02  3.935258E+03
   51  2.525000E-01  2.837402E-02  2.630525E+07  2.985542E+05  1.202475E+02  3.838091E+03
   52  2.575000E-01  2.980056E-02  2.504680E+07  2.985635E+05  1.226296E+02  3.745158E+03
   53  2.625000E-01  3.126940E-02  2.387105E+07  2.985734E+05  1.250117E+02  3.656199E+03
   54  2.675000E-01  3.278097E-02  2.277114E+07  2.985840E+05  1.273939E+02  3.570971E+03
   55  2.725000E-01  3.433568E-02  2.174089E+07  2.985953E+05  1.297763E+02  3.489255E+03
   56  2.775000E-01  3.593396E-02  2.077473E+07  2.986073E+05  1.321587E+02  3.410843E+03
   57  2.825000E-01  3.757622E-02  1.986763E+07  2.986202E+05  1.345413E+02  3.335547E+03
   58  2.875000E-01  3.926289E-02  1.901502E+07  2.986338E+05  1.369240E+02  3.263190E+03
   59  2.925000E-01  4.099437E-02  1.821276E+07  2.986483E+05  1.393069E+02  3.193611E+03
   60  2.975000E-01  4.277108E-02  1.745711E+07  2.986637E+05  1.416899E+02  3.126656E+03
   61  3.025000E-01  4.459344E-02  1.674462E+07  2.986801E+05  1.440731E+02  3.062187E+03
   62  3.075000E-01  4.646185E-02  1.607219E+07  2.986974E+05  1.464565E+02  3.000071E+03
   63  3.125000E-01  4.837672E-02  1.543696E+07  2.987158E+05  1.488400E+02  2.940186E+03
   64  3.175000E-01  5.033847E-02  1.483632E+07  2.987352E+05  1.512237E+02  2.882419E+03
   65  3.225000E-01  5.234750E-02  1.426790E+07  2.987556E+05  1.536077E+02  2.826663E+03
   66  3.275000E-01  5.440422E-02  1.372951E+07  2.987773E+05  1.559918E+02  2.772819E+03
   67  3.325000E-01  5.650904E-02  1.321913E+07  2.988001E+05  1.583762E+02  2.720793E+03
   68  3.375000E-01  5.866237E-02  1.273492E+07  2.988242E+05  1.607608E+02  2.670497E+03
   69  3.425000E-01  6.086462E-02  1.227518E+07  2.988496E+05  1.631457E+02  2.621850E+03
   70  3.475000E-01  6.311619E-02  1.183833E+07  2.988762E+05  1.655309E+02  2.574775E+03
   71  3.525000E-01  6.541750E-02  1.142295E+07  2.989043E+05  1.679163E+02  2.529200E+03
   72  3.575000E-01  6.776895E-02  1.102768E+07  2.989338E+05  1.703020E+02  2.485056E+03
   73  3.625000E-01  7.017097E-02  1.065130E+07  2.989648E+05  1.726880E+02  2.442279E+03
   74  3.675000E-01  7.262395E-02  1.029266E+07  2.989973E+05  1.750744E+02  2.400810E+03
   75  3.725000E-01  7.512832E-02  9.950689E+06  2.990314E+05  1.774611E+02  2.360590E+03
   76  3.775000E-01  7.768450E-02  9.624417E+06  2.990672E+05  1.798481E+02  2.321567E+03
   77  3.825000E-01  8.029289E-02  9.312925E+06  2.991047E+05  1.822355E+02  2.283690E+03
   78  3.875000E-01  8.295392E-02  9.015363E+06  2.991439E+05  1.846233E+02  2.246910E+03
   79  3.925000E-01  8.566802E-02  8.730940E+06  2.991849E+05  1.870116E+02  2.211182E+03
   80  3.975000E-01  8.843560E-02  8.458919E+06  2.992279E+05  1.894002E+02  2.176464E+03
   81  4.025000E-01  9.125710E-02  8.198615E+06  2.992727E+05  1.917893E+02  2.142714E+03
   82  4.075000E-01  9.413295E-02  7.949384E+06  2.993196E+05  1.941789E+02  2.109895E+03
   83  4.125000E-01  9.706358E-02  7.710630E+06  2.993685E+05  1.965689E+02  2.077968E+03
   84  4.175000E-01  1.000494E-01  7.481793E+06  2.994196E+05  1.989595E+02  2.046901E+03
   85  4.225000E-01  1.030909E-01  7.262348E+06  2.994729E+05  2.013506E+02  2.016659E+03
   86  4.275000E-01  1.061885E-01  7.051807E+06  2.995284E+05  2.037423E+02  1.987212E+03
   87  4.325000E-01  1.093427E-01  6.849709E+06  2.995863E+05  2.061345E+02  1.958529E+03
   88  4.375000E-01  1.125539E-01  6.655625E+06  2.996466E+05  2.085273E+02  1.930583E+03
   89  4.425000E-01  1.158225E-01  6.469151E+06  2.997094E+05  2.109208E+02  1.903346E+03
   90  4.475000E-01  1.191491E-01  6.289906E+06  2.997747E+05  2.133149E+02  1.876792E+03
   91  4.525000E-01  1.225341E-01  6.117535E+06  2.998426E+05  2.157097E+02  1.850897E+03
   92  4.575000E-01  1.259779E-01  5.951702E+06  2.999133E+05  2.181052E+02  1.825638E+03
   93  4.625000E-01  1.294812E-01  5.792092E+06  2.999867E+05  2.205014E+02  1.800992E+03
   94  4.675000E-01  1.330442E-01  5.638407E+06  3.000630E+05  2.228984E+02  1.776938E+03
   95  4.725000E-01  1.366676E-01  5.490368E+06  3.001422E+05  2.252962E+02  1.753455E+03
   96  4.775000E-01  1.403519E-01  5.347711E+06  3.002244E+05  2.276948E+02  1.730525E+03
   97  4.825000E-01  1.440974E-01  5.210186E+06  3.003098E+05  2.300942E+02  1.708129E+03
   98  4.875000E-01  1.479049E-01  5.077559E+06  3.003983E+05  2.324946E+02  1.686248E+03
   99  4.925000E-01  1.517747E-01  4.949607E+06  3.004901E+05  2.348958E+02  1.664866E+03
  100  4.975000E-01  1.557075E-01  4.826121E+06  3.005853E+05  2.372980E+02  1.643967E+03
  101  5.025000E-01  1.597037E-01  4.706902E+06  3.006839E+05  2.397012E+02  1.623535E+03
  102  5.075000E-01  1.637639E-01  4.591763E+06  3.007861E+05  2.421054E+02  1.603555E+03
  103  5.125000E-01  1.678887E-01  4.480525E+06  3.008919E+05  2.445106E+02  1.584012E+03
  104  5.175000E-01  1.720787E-01  4.373021E+06  3.010015E+05  2.469169E+02  1.564893E+03
  105  5.225000E-01  1.763343E-01  4.269090E+06  3.011148E+05  2.493244E+02  1.546186E+03
  106  5.275000E-01  1.806563E-01  4.168581E+06  3.012321E+05  2.517330E+02  1.527876E+03
  107  5.325000E-01  1.850451E-01  4.071351E+06  3.013534E+05  2.541429E+02  1.509952E+03
  108  5.375000E-01  1.895015E-01  3.977263E+06  3.014789E+05  2.565539E+02  1.492403E+03
  109  5.425000E-01  1.940260E-01  3.886188E+06  3.016086E+05  2.589663E+02  1.475217E+03
  110  5.475000E-01  1.986192E-01  3.798003E+06  3.017426E+05  2.613800E+02  1.458383E+03
  111  5.525000E-01  2.032819E-01  3.712591E+06  3.018810E+05  2.637950E+02  1.441891E+03
  112  5.575000E-01  2.080147E-01  3.629840E+06  3.020240E+05  2.662115E+02  1.425732E+03
  113  5.625000E-01  2.128182E-01  3.549646E+06  3.021717E+05  2.686294E+02  1.409894E+03
  114  5.675000E-01  2.176931E-01  3.471907E+06  3.023241E+05  2.710489E+02  1.394370E+03
  115  5.725000E-01  2.226402E-01  3.396528E+06  3.024815E+05  2.734699E+02  1.379150E+03
  116  5.775000E-01  2.276601E-01  3.323417E+06  3.026438E+05  2.758925E+02  1.364226E+03
  117  5.825000E-01  2.327537E-01  3.252487E+06  3.028113E+05  2.783167E+02  1.349590E+03
  118  5.875000E-01  2.379215E-01  3.183654E+06  3.029840E+05  2.807427E+02  1.335233E+03
  119  5.925000E-01  2.431645E-01  3.116841E+06  3.031620E+05  2.831704E+02  1.321148E+03
  120  5.975000E-01  2.484833E-01  3.051971E+06  3.033456E+05  2.855999E+02  1.307327E+03
  121  6.025000E-01  2.538789E-01  2.988973E+06  3.035348E+05  2.880312E+02  1.293764E+03
  122  6.075000E-01  2.593519E-01  2.927776E+06  3.037298E+05  2.904645E+02  1.280451E+03
  123  6.125000E-01  2.649033E-01  2.868317E+06  3.039306E+05  2.928997E+02  1.267382E+03
  124  6.175000E-01  2.705338E-01  2.810530E+06  3.041374E+05  2.953370E+02  1.254551E+03
  125  6.225000E-01  2.762445E-01  2.754358E+06  3.043504E+05  2.977763E+02  1.241950E+03
  126  6.275000E-01  2.820361E-01  2.699741E+06  3.045697E+05  3.002178E+02  1.229575E+03
  127  6.325000E-01  2.879096E-01  2.646625E+06  3.047955E+05  3.026615E+02  1.217419E+03
  128  6.375000E-01  2.938659E-01  2.594957E+06  3.050278E+05  3.051075E+02  1.205477E+03
  129  6.425000E-01  2.999060E-01  2.544687E+06  3.052668E+05  3.075558E+02  1.193744E+03
  130  6.475000E-01  3.060310E-01  2.495767E+06  3.055127E+05  3.100065E+02  1.182214E+03
  131  6.525000E-01  3.122417E-01  2.448149E+06  3.057657E+05  3.124596E+02  1.170882E+03
  132  6.575000E-01  3.185392E-01  2.401791E+06  3.060258E+05  3.149152E+02  1.159743E+03
  133  6.625000E-01  3.249246E-01  2.356649E+06  3.062933E+05  3.173735E+02  1.148792E+03
  134  6.675000E-01  3.313990E-01  2.312682E+06  3.065683E+05  3.198344E+02  1.138026E+03
  135  6.725000E-01  3.379635E-01  2.269852E+06  3.068509E+05  3.222980E+02  1.127438E+03
  136  6.775000E-01  3.446193E-01  2.228121E+06  3.071414E+05  3.247645E+02  1.117026E+03
  137  6.825000E-01  3.513675E-01  2.187453E+06  3.074399E+05  3.272338E+02  1.106785E+03
  138  6.875000E-01  3.582093E-01  2.147813E+06  3.077466E+05  3.297060E+02  1.096711E+03
  139  6.925000E-01  3.651460E-01  2.109167E+06  3.080616E+05  3.321813E+02  1.086800E+03
  140  6.975000E-01  3.721788E-01  2.071485E+06  3.083852E+05  3.346596E+02  1.077048E+03
  141  7.025000E-01  3.793091E-01  2.034735E+06  3.087174E+05  3.371412E+02  1.067451E+03
  142  7.075000E-01  3.865381E-01  1.998889E+06  3.090586E+05  3.396260E+02  1.058006E+03
  143  7.125000E-01  3.938673E-01  1.963916E+06  3.094089E+05  3.421141E+02  1.048710E+03
  144  7.175000E-01  4.012980E-01  1.929791E+06  3.097685E+05  3.446057E+02  1.039559E+03
  145  7.225000E-01  4.088317E-01  1.896486E+06  3.101375E+05  3.471007E+02  1.030550E+03
  146  7.275000E-01  4.164700E-01  1.863978E+06  3.105163E+05  3.495993E+02  1.021679E+03
  147  7.325000E-01  4.242142E-01  1.832240E+06  3.109049E+05  3.521016E+02  1.012944E+03
  148  7.375000E-01  4.320660E-01  1.801251E+06  3.113037E+05  3.546077E+02  1.004341E+03
  149  7.425000E-01  4.400270E-01  1.770987E+06  3.117128E+05  3.571176E+02  9.958677E+02
  150  7.475000E-01  4.480988E-01  1.741426E+06  3.121324E+05  3.596314E+02  9.875214E+02
  151  7.525000E-01  4.562832E-01  1.712548E+06  3.125627E+05  3.621493E+02  9.792992E+02
  152  7.575000E-01  4.645818E-01  1.684332E+06  3.130041E+05  3.646713E+02  9.711983E+02
  153  7.625000E-01  4.729965E-01  1.656760E+06  3.134567E+05  3.671975E+02  9.632162E+02
  154  7.675000E-01  4.815291E-01  1.629811E+06  3.139207E+05  3.697280E+02  9.553504E+02
  155  7.725000E-01  4.901815E-01  1.603469E+06  3.143964E+05  3.722629E+02  9.475984E+02
  156  7.775000E-01  4.989557E-01  1.577716E+06  3.148840E+05  3.748023E+02  9.399578E+02
  157  7.825000E-01  5.078535E-01  1.552534E+06  3.153839E+05  3.773463E+02  9.324263E+02
  158  7.875000E-01  5.168772E-01  1.527907E+06  3.158962E+05  3.798950E+02  9.250016E+02
  159  7.925000E-01  5.260288E-01  1.503821E+06  3.164212E+05  3.824485E+02  9.176816E+02
  160  7.975000E-01  5.353105E-01  1.480258E+06  3.169592E+05  3.850070E+02  9.104640E+02
  161  8.025000E-01  5.447245E-01  1.457206E+06  3.175104E+05  3.875704E+02  9.033469E+02
  162  8.075000E-01  5.542730E-01  1.434650E+06  3.180751E+05  3.901390E+02  8.963281E+02
  163  8.125000E-01  5.639586E-01  1.412576E+06  3.186537E+05  3.927128E+02  8.894056E+02
  164  8.175000E-01  5.737835E-01  1.390970E+06  3.192463E+05  3.952920E+02  8.825777E+02
  165  8.225000E-01  5.837503E-01  1.369821E+06  3.198534E+05  3.978766E+02  8.758423E+02
  166  8.275000E-01  5.938616E-01  1.349115E+06  3.204751E+05  4.004668E+02  8.691977E+02
  167  8.325000E-01  6.041200E-01  1.328841E+06  3.211119E+05  4.030626E+02  8.626420E+02
  168  8.375000E-01  6.145282E-01  1.308988E+06  3.217640E+05  4.056643E+02  8.561735E+02
  169  8.425000E-01  6.250890E-01  1.289543E+06  3.224317E+05  4.082718E+02  8.497906E+02
  170  8.475000E-01  6.358054E-01  1.270496E+06  3.231154E+05  4.108854E+02  8.434916E+02
  171  8.525000E-01  6.466801E-01  1.251838E+06  3.238154E+05  4.135051E+02  8.372748E+02
  172  8.575000E-01  6.577164E-01  1.233556E+06  3.245321E+05  4.161312E+02  8.311387E+02
  173  8.625000E-01  6.689174E-01  1.215643E+06  3.252658E+05  4.187635E+02  8.250817E+02
  174  8.675000E-01  6.802862E-01  1.198087E+06  3.260168E+05  4.214025E+02  8.191024E+02
  175  8.725000E-01  6.918262E-01  1.180881E+06  3.267856E+05  4.240480E+02  8.131993E+02
  176  8.775000E-01  7.035408E-01  1.164014E+06  3.275725E+05  4.267003E+02  8.073709E+02
  177  8.825000E-01  7.154336E-01  1.147479E+06  3.283780E+05  4.293596E+02  8.016160E+02
  178  8.875000E-01  7.275082E-01  1.131267E+06  3.292023E+05  4.320258E+02  7.959330E+02
  179  8.925000E-01  7.397683E-01  1.115369E+06  3.300459E+05  4.346992E+02  7.903207E+02
  180  8.975000E-01  7.522178E-01  1.099779E+06  3.309093E+05  4.373799E+02  7.847778E+02
  181  9.025000E-01  7.648606E-01  1.084488E+06  3.317928E+05  4.400680E+02  7.793030E+02
  182  9.075000E-01  7.777008E-01  1.069488E+06  3.326968E+05  4.427637E+02  7.738951E+02
  183  9.125000E-01  7.907426E-01  1.054774E+06  3.336219E+05  4.454670E+02  7.685528E+02
  184  9.175000E-01  8.039904E-01  1.040337E+06  3.345684E+05  4.481782E+02  7.632750E+02
  185  9.225000E-01  8.174487E-01  1.026171E+06  3.355369E+05  4.508973E+02  7.580606E+02
  186  9.275000E-01  8.311220E-01  1.012270E+06  3.365278E+05  4.536246E+02  7.529084E+02
  187  9.325000E-01  8.450150E-01  9.986261E+05  3.375416E+05  4.563601E+02  7.478172E+02
  188  9.375000E-01  8.591328E-01  9.852342E+05  3.385788E+05  4.591039E+02  7.427861E+02
  189  9.425000E-01  8.734802E-01  9.720882E+05  3.396399E+05  4.618563E+02  7.378139E+02
  190  9.475000E-01  8.880626E-01  9.591820E+05  3.407255E+05  4.646174E+02  7.328997E+02
  191  9.525000E-01  9.028852E-01  9.465100E+05  3.418360E+05  4.673873E+02  7.280423E+02
  192  9.575000E-01  9.179536E-01  9.340668E+05  3.429720E+05  4.701661E+02  7.232409E+02
  193  9.625000E-01  9.332735E-01  9.218469E+05  3.441341E+05  4.729540E+02  7.184944E+02
  194  9.675000E-01  9.488508E-01  9.098451E+05  3.453229E+05  4.757512E+02  7.138020E+02
  195  9.725000E-01  9.646915E-01  8.980565E+05  3.465390E+05  4.785578E+02  7.091626E+02
  196  9.775000E-01  9.808018E-01  8.864759E+05  3.477829E+05  4.813740E+02  7.045754E+02
  197  9.825000E-01  9.971883E-01  8.750987E+05  3.490553E+05  4.841998E+02  7.000395E+02
  198  9.875000E-01  1.013858E+00  8.639202E+05  3.503568E+05  4.870355E+02  6.955540E+02
  199  9.925000E-01  1.030816E+00  8.529359E+05  3.516881E+05  4.898811E+02  6.911180E+02
  200  9.975000E-01  1.048072E+00  8.421413E+05  3.530499E+05  4.927370E+02  6.867307E+02
  201  1.002500E+00  1.065632E+00  8.315322E+05  3.544428E+05  4.956031E+02  6.823914E+02
  202  1.007500E+00  1.083503E+00  8.211044E+05  3.558676E+05  4.984797E+02  6.780992E+02
  203  1.012500E+00  1.101694E+00  8.108538E+05  3.573250E+05  5.013668E+02  6.738532E+02
  204  1.017500E+00  1.120212E+00  8.007766E+05  3.588157E+05  5.042648E+02  6.696528E+02
  205  1.022500E+00  1.139065E+00  7.908687E+05  3.603405E+05  5.071736E+02  6.654972E+02
  206  1.027500E+00  1.158263E+00  7.811266E+05  3.619001E+05  5.100935E+02  6.613856E+02
  207  1.032500E+00  1.177814E+00  7.715465E+05  3.634955E+05  5.130246E+02  6.573173E+02
  208  1.037500E+00  1.197728E+00  7.621249E+05  3.651273E+05  5.159671E+02  6.532916E+02
  209  1.042500E+00  1.218013E+00  7.528584E+05  3.667966E+05  5.189211E+02  6.493078E+02
  210  1.047500E+00  1.238680E+00  7.437434E+05  3.685040E+05  5.218868E+02  6.453653E+02
  211  1.052500E+00  1.259738E+00  7.347769E+05  3.702506E+05  5.248643E+02  6.414632E+02
  212  1.057500E+00  1.281199E+00  7.259555E+05  3.720373E+05  5.278538E+02  6.376010E+02
  213  1.062500E+00  1.303072E+00  7.172762E+05  3.738650E+05  5.308554E+02  6.337781E+02
  214  1.067500E+00  1.325369E+00  7.087358E+05  3.757346E+05  5.338693E+02  6.299937E+02
  215  1.072500E+00  1.348102E+00  7.003315E+05  3.776472E+05  5.368957E+02  6.262473E+02
  216  1.077500E+00  1.371282E+00  6.920603E+05  3.796039E+05  5.399346E+02  6.225382E+02
  217  1.082500E+00  1.394922E+00  6.839194E+05  3.816056E+05  5.429863E+02  6.188658E+02
  218  1.087500E+00  1.419034E+00  6.759061E+05  3.836534E+05  5.460508E+02  6.152296E+02
  219  1.092500E+00  1.443632E+00  6.680176E+05  3.857485E+05  5.491284E+02  6.116289E+02
  220  1.097500E+00  1.468729E+00  6.602514E+05  3.878920E+05  5.522191E+02  6.080631E+02
  221  1.102500E+00  1.494339E+00  6.526049E+05  3.900851E+05  5.553232E+02  6.045318E+02
  222  1.107500E+00  1.520477E+00  6.450755E+05  3.923291E+05  5.584408E+02  6.010344E+02
  223  1.112500E+00  1.547159E+00  6.376609E+05  3.946250E+05  5.615719E+02  5.975702E+02
  224  1.117500E+00  1.574399E+00  6.303587E+05  3.969744E+05  5.647168E+02  5.941388E+02
  225  1.122500E+00  1.602214E+00  6.231665E+05  3.993783E+05  5.678756E+02  5.907396E+02
  226  1.127500E+00  1.630620E+00  6.160821E+05  4.018383E+05  5.710485E+02  5.873721E+02
  227  1.132500E+00  1.659636E+00  6.091032E+05  4.043558E+05  5.742355E+02  5.840358E+02
  228  1.137500E+00  1.689278E+00  6.022277E+05  4.069321E+05  5.774368E+02  5.807302E+02
  229  1.142500E+00  1.719566E+00  5.954535E+05  4.095687E+05  5.806525E+02  5.774547E+02
  230  1.147500E+00  1.750519E+00  5.887785E+05  4.122672E+05  5.838828E+02  5.742090E+02
  231  1.152500E+00  1.782157E+00  5.822007E+05  4.150292E+05  5.871278E+02  5.709925E+02
  232  1.157500E+00  1.814500E+00  5.757181E+05  4.178562E+05  5.903876E+02  5.678046E+02
  233  1.162500E+00  1.847571E+00  5.693287E+05  4.207500E+05  5.936623E+02  5.646451E+02
  234  1.167500E+00  1.881391E+00  5.630307E+05  4.237123E+05  5.969521E+02  5.615133E+02
  235  1.172500E+00  1.915983E+00  5.568222E+05  4.267447E+05  6.002571E+02  5.584089E+02
  236  1.177500E+00  1.951371E+00  5.507015E+05  4.298493E+05  6.035773E+02  5.553313E+02
  237  1.182500E+00  1.987581E+00  5.446667E+05  4.330277E+05  6.069130E+02  5.522801E+02
  238  1.187500E+00  2.024638E+00  5.387161E+05  4.362820E+05  6.102641E+02  5.492550E+02
  239  1.192500E+00  2.062569E+00  5.328480E+05  4.396142E+05  6.136309E+02  5.462553E+02
  240  1.197500E+00  2.101401E+00  5.270608E+05  4.430264E+05  6.170133E+02  5.432808E+02
  241  1.202500E+00  2.141163E+00  5.213529E+05  4.465205E+05  6.204116E+02  5.403310E+02
  242  1.207500E+00  2.181885E+00  5.157225E+05  4.500990E+05  6.238257E+02  5.374055E+02
  243  1.212500E+00  2.223599E+00  5.101683E+05  4.537639E+05  6.272559E+02  5.345038E+02
  244  1.217500E+00  2.266336E+00  5.046887E+05  4.575177E+05  6.307021E+02  5.316255E+02
  245  1.222500E+00  2.310130E+00  4.992821E+05  4.613627E+05  6.341644E+02  5.287703E+02
  246  1.227500E+00  2.355016E+00  4.939472E+05  4.653015E+05  6.376430E+02  5.259377E+02
  247  1.232500E+00  2.401030E+00  4.886824E+05  4.693365E+05  6.411379E+02  5.231273E+02
  248  1.237500E+00  2.448210E+00  4.834864E+05  4.734705E+05  6.446491E+02  5.203387E+02
  249  1.242500E+00  2.496594E+00  4.783578E+05  4.777061E+05  6.481768E+02  5.175716E+02
  250  1.247500E+00  2.546224E+00  4.732953E+05  4.820463E+05  6.517209E+02  5.148256E+02
  251  1.252500E+00  2.597141E+00  4.682975E+05  4.864938E+05  6.552816E+02  5.121002E+02
  252  1.257500E+00  2.649390E+00  4.633631E+05  4.910518E+05  6.588588E+02  5.093951E+02
  253  1.262500E+00  2.703016E+00  4.584909E+05  4.957233E+05  6.624527E+02  5.067099E+02
  254  1.267500E+00  2.758067E+00  4.536796E+05  5.005116E+05  6.660632E+02  5.040442E+02
  255  1.272500E+00  2.814593E+00  4.489280E+05  5.054199E+05  6.696905E+02  5.013977E+02
  256  1.277500E+00  2.872645E+00  4.442349E+05  5.104518E+05  6.733344E+02  4.987700E+02
  257  1.282500E+00  2.932278E+00  4.395991E+05  5.156107E+05  6.769951E+02  4.961608E+02
  258  1.287500E+00  2.993546E+00  4.350195E+05  5.209004E+05  6.806726E+02  4.935696E+02
  259  1.292500E+00  3.056509E+00  4.304949E+05  5.263246E+05  6.843668E+02  4.909961E+02
  260  1.297500E+00  3.121227E+00  4.260242E+05  5.318873E+05  6.880778E+02  4.884399E+02
  261  1.302500E+00  3.187764E+00  4.216063E+05  5.375926E+05  6.918056E+02  4.859008E+02
  262  1.307500E+00  3.256186E+00  4.172402E+05  5.434447E+05  6.955502E+02  4.833782E+02
  263  1.312500E+00  3.326562E+00  4.129248E+05  5.494479E+05  6.993115E+02  4.808720E+02
  264  1.317500E+00  3.398964E+00  4.086590E+05  5.556068E+05  7.030895E+02  4.783817E+02
  265  1.322500E+00  3.473467E+00  4.044419E+05  5.619261E+05  7.068842E+02  4.759070E+02
  266  1.327500E+00  3.550149E+00  4.002724E+05  5.684107E+05  7.106957E+02  4.734475E+02
  267  1.332500E+00  3.629093E+00  3.961496E+05  5.750655E+05  7.145238E+02  4.710029E+02
  268  1.337500E+00  3.710384E+00  3.920725E+05  5.818958E+05  7.183685E+02  4.685729E+02
  269  1.342500E+00  3.794111E+00  3.880402E+05  5.889070E+05  7.222297E+02  4.661571E+02
  270  1.347500E+00  3.880369E+00  3.840517E+05  5.961048E+05  7.261075E+02  4.637552E+02
  271  1.352500E+00  3.969253E+00  3.801061E+05  6.034949E+05  7.300017E+02  4.613669E+02
  272  1.357500E+00  4.060868E+00  3.762025E+05  6.110835E+05  7.339123E+02  4.589917E+02
  273  1.362500E+00  4.155319E+00  3.723401E+05  6.188767E+05  7.378392E+02  4.566294E+02
  274  1.367500E+00  4.252718E+00  3.685179E+05  6.268812E+05  7.417824E+02  4.542797E+02
  275  1.372500E+00  4.353183E+00  3.647352E+05  6.351037E+05  7.457417E+02  4.519422E+02
  276  1.377500E+00  4.456835E+00  3.609911E+05  6.435512E+05  7.497171E+02  4.496165E+02
  277  1.382500E+00  4.563804E+00  3.572847E+05  6.522311E+05  7.537085E+02  4.473024E+02
  278  1.387500E+00  4.674224E+00  3.536153E+05  6.611509E+05  7.577158E+02  4.449995E+02
  279  1.392500E+00  4.788235E+00  3.499821E+05  6.703187E+05  7.617388E+02  4.427076E+02
  280  1.397500E+00  4.905986E+00  3.463842E+05  6.797425E+05  7.657776E+02  4.404261E+02
  281  1.402500E+00  5.027631E+00  3.428210E+05  6.894311E+05  7.698319E+02  4.381550E+02
  282  1.407500E+00  5.153334E+00  3.392916E+05  6.993933E+05  7.739016E+02  4.358937E+02
  283  1.412500E+00  5.283265E+00  3.357954E+05  7.096383E+05  7.779867E+02  4.336420E+02
  284  1.417500E+00  5.417602E+00  3.323315E+05  7.201760E+05  7.820869E+02  4.313996E+02
  285  1.422500E+00  5.556536E+00  3.288993E+05  7.310163E+05  7.862022E+02  4.291662E+02
  286  1.427500E+00  5.700262E+00  3.254981E+05  7.421698E+05  7.903325E+02  4.269414E+02
  287  1.432500E+00  5.848990E+00  3.221271E+05  7.536474E+05  7.944775E+02  4.247248E+02
  288  1.437500E+00  1.000000E+00  1.000000E-12  4.000000E-13  0.000000E+00  7.483315E-07
  289  1.442500E+00  1.000000E+00  1.000000E-12  4.000000E-13  0.000000E+00  7.483315E-07
  290  1.447500E+00  1.000000E+00  1.000000E-12  4.000000E-13  0.000000E+00  7.483315E-07
  291  1.452500E+00  1.000000E+00  1.000000E-12  4.000000E-13  0.000000E+00  7.483315E-07
  292  1.457500E+00  1.000000E+00  1.000000E-12  4.000000E-13  0.000000E+00  7.483315E-07
  293  1.462500E+00  1.000000E+00  1.000000E-12  4.000000E-13  0.000000E+00  7.483315E-07
  294  1.467500E+00  1.000000E+00  1.000000E-12  4.000000E-13  0.000000E+00  7.483315E-07
  295  1.472500E+00  1.000000E+00  1.000000E-12  4.000000E-13  0.000000E+00  7.483315E-07
  296  1.477500E+00  1.000000E+00  1.000000E-12  4.000000E-13  0.000000E+00  7.483315E-07
  297  1.482500E+00  1.000000E+00  1.000000E-12  4.000000E-13  0.000000E+00  7.483315E-07
  298  1.487500E+00  1.000000E+00  1.000000E-12  4.000000E-13  0.000000E+00  7.483315E-07
  299  1.492500E+00  1.000000E+00  1.000000E-12  4.000000E-13  0.000000E+00  7.483315E-07
  300  1.497500E+00  1.000000E+00  1.000000E-12  4.000000E-13  0.000000E+00  7.483315E-07
  301  1.502500E+00  1.000000E+00  1.000000E-12  4.000000E-13  0.000000E+00  7.483315E-07
  302  1.507500E+00  1.000000E+00  1.000000E-12  4.000000E-13  0.000000E+00  7.483315E-07
  303  1.512500E+00  1.000000E+00  1.000000E-12  4.000000E-13  0.000000E+00  7.483315E-07
  304  1.517500E+00  1.000000E+00  1.000000E-12  4.000000E-13  0.000000E+00  7.483315E-07
  305  1.522500E+00  1.000000E+00  1.000000E-12  4.000000E-13  0.000000E+00  7.483315E-07
  306  1.527500E+00  1.000000E+00  1.000000E-12  4.000000E-13  0.000000E+00  7.483315E-07
  307  1.532500E+00  1.000000E+00  1.000000E-12  4.000000E-13  0.000000E+00  7.483315E-07
  308  1.537500E+00  1.000000E+00  1.000000E-12  4.000000E-13  0.000000E+00  7.483315E-07
  309  1.542500E+00  1.000000E+00  1.000000E-12  4.000000E-13  0.000000E+00  7.483315E-07
  310  1.547500E+00  1.000000E+00  1.000000E-12  4.000000E-13  0.000000E+00  7.483315E-07
  311  1.552500E+00  1.000000E+00  1.000000E-12  4.000000E-13  0.000000E+00  7.483315E-07
  312  1.557500E+00  1.000000E+00  1.000000E-12  4.000000E-13  0.000000E+00  7.483315E-07
  313  1.562500E+00  1.000000E+00  1.000000E-12  4.000000E-13  0.000000E+00  7.483315E-07
  314  1.567500E+00  1.000000E+00  1.000000E-12  4.000000E-13  0.000000E+00  7.483315E-07
  315  1.572500E+00  1.000000E+00  1.000000E-12  4.000000E-13  0.000000E+00  7.483315E-07
  316  1.577500E+00  1.000000E+00  1.000000E-12  4.000000E-13  0.000000E+00  7.483315E-07
  317  1.582500E+00  1.000000E+00  1.000000E-12  4.000000E-13  0.000000E+00  7.483315E-07
  318  1.587500E+00  1.000000E+00  1.000000E-12  4.000000E-13  0.000000E+00  7.483315E-07
  319  1.592500E+00  1.000000E+00  1.000000E-12  4.000000E-13  0.000000E+00  7.483315E-07
  320  1.597500E+00  1.000000E+00  1.000000E-12  4.000000E-13  0.000000E+00  7.483315E-07
  321  1.602500E+00  1.000000E+00  1.000000E-12  4.000000E-13  0.000000E+00  7.483315E-07
  322  1.607500E+00  1.000000E+00  1.000000E-12  4.000000E-13  0.000000E+00  7.483315E-07
  323  1.612500E+00  1.000000E+00  1.000000E-12  4.000000E-13  0.000000E+00  7.483315E-07
  324  1.617500E+00  1.000000E+00  1.000000E-12  4.000000E-13  0.000000E+00  7.483315E-07
  325  1.622500E+00  1.000000E+00  1.000000E-12  4.000000E-13  0.000000E+00  7.483315E-07
  326  1.627500E+00  1.000000E+00  1.000000E-12  4.000000E-13  0.000000E+00  7.483315E-07
  327  1.632500E+00  1.000000E+00  1.000000E-12  4.000000E-13  0.000000E+00  7.483315E-07
  328  1.637500E+00  1.000000E+00  1.000000E-12  4.000000E-13  0.000000E+00  7.483315E-07
  329  1.642500E+00  1.000000E+00  1.000000E-12  4.000000E-13  0.000000E+00  7.483315E-07
  330  1.647500E+00  1.000000E+00  1.000000E-12  4.000000E-13  0.000000E+00  7.483315E-07
  331  1.652500E+00  1.000000E+00  1.000000E-12  4.000000E-13  0.000000E+00  7.483315E-07
  332  1.657500E+00  1.000000E+00  1.000000E-12  4.000000E-13  0.000000E+00  7.483315E-07
  333  1.662500E+00  1.000000E+00  1.000000E-12  4.000000E-13  0.000000E+00  7.483315E-07
  334  1.667500E+00  1.000000E+00  1.000000E-12  4.000000E-13  0.000000E+00  7.483315E-07
  335  1.672500E+00  1.000000E+00  1.000000E-12  4.000000E-13  0.000000E+00  7.483315E-07
  336  1.677500E+00  1.000000E+00  1.000000E-12  4.000000E-13  0.000000E+00  7.483315E-07
  337  1.682500E+00  1.000000E+00  1.000000E-12  4.000000E-13  0.000000E+00  7.483315E-07
  338  1.687500E+00  1.000000E+00  1.000000E-12  4.000000E-13  0.000000E+00  7.483315E-07
  339  1.692500E+00  1.000000E+00  1.000000E-12  4.000000E-13  0.000000E+00  7.483315E-07
  340  1.697500E+00  1.000000E+00  1.000000E-12  4.000000E-13  0.000000E+00  7.483315E-07
  341  1.702500E+00  1.000000E+00  1.000000E-12  4.000000E-13  0.000000E+00  7.483315E-07
  342  1.707500E+00  1.000000E+00  1.000000E-12  4.000000E-13  0.000000E+00  7.483315E-07
  343  1.712500E+00  1.000000E+00  1.000000E-12  4.000000E-13  0.000000E+00  7.483315E-07
  344  1.717500E+00  1.000000E+00  1.000000E-12  4.000000E-13  0.000000E+00  7.483315E-07
  345  1.722500E+00  1.000000E+00  1.000000E-12  4.000000E-13  0.000000E+00  7.483315E-07
  346  1.727500E+00  1.000000E+00  1.000000E-12  4.000000E-13  0.000000E+00  7.483315E-07
  347  1.732500E+00  1.000000E+00  1.000000E-12  4.000000E-13  0.000000E+00  7.483315E-07
  348  1.737500E+00  1.000000E+00  1.000000E-12  4.000000E-13  0.000000E+00  7.483315E-07
  349  1.742500E+00  1.000000E+00  1.000000E-12  4.000000E-13  0.000000E+00  7.483315E-07
  350  1.747500E+00  1.000000E+00  1.000000E-12  4.000000E-13  0.000000E+00  7.483315E-07
  351  1.752500E+00  1.000000E+00  1.000000E-12  4.000000E-13  0.000000E+00  7.483315E-07
  352  1.757500E+00  1.000000E+00  1.000000E-12  4.000000E-13  0.000000E+00  7.483315E-07
  353  1.762500E+00  1.000000E+00  1.000000E-12  4.000000E-13  0.000000E+00  7.483315E-07
  354  1.767500E+00  1.000000E+00  1.000000E-12  4.000000E-13  0.000000E+00  7.483315E-07
  355  1.772500E+00  1.000000E+00  1.000000E-12  4.000000E-13  0.000000E+00  7.483315E-07
  356  1.777500E+00  1.000000E+00  1.000000E-12  4.000000E-13  0.000000E+00  7.483315E-07
  357  1.782500E+00  1.000000E+00  1.000000E-12  4.000000E-13  0.000000E+00  7.483315E-07
  358  1.787500E+00  1.000000E+00  1.000000E-12  4.000000E-13  0.000000E+00  7.483315E-07
  359  1.792500E+00  1.000000E+00  1.000000E-12  4.000000E-13  0.000000E+00  7.483315E-07
  360  1.797500E+00  1.000000E+00  1.000000E-12  4.000000E-13  0.000000E+00  7.483315E-07
  361  1.802500E+00  1.000000E+00  1.000000E-12  4.000000E-13  0.000000E+00  7.483315E-07
  362  1.807500E+00  1.000000E+00  1.000000E-12  4.000000E-13  0.000000E+00  7.483315E-07
  363  1.812500E+00  1.000000E+00  1.000000E-12  4.000000E-13  0.000000E+00  7.483315E-07
  364  1.817500E+00  1.000000E+00  1.000000E-12  4.000000E-13  0.000000E+00  7.483315E-07
  365  1.822500E+00  1.000000E+00  1.000000E-12  4.000000E-13  0.000000E+00  7.483315E-07
  366  1.827500E+00  1.000000E+00  1.000000E-12  4.000000E-13  0.000000E+00  7.483315E-07
  367  1.832500E+00  1.000000E+00  1.000000E-12  4.000000E-13  0.000000E+00  7.483315E-07
  368  1.837500E+00  1.000000E+00  1.000000E-12  4.000000E-13  0.000000E+00  7.483315E-07
  369  1.842500E+00  1.000000E+00  1.000000E-12  4.000000E-13  0.000000E+00  7.483315E-07
  370  1.847500E+00  1.000000E+00  1.000000E-12  4.000000E-13  0.000000E+00  7.483315E-07
  371  1.852500E+00  1.000000E+00  1.000000E-12  4.000000E-13  0.000000E+00  7.483315E-07
  372  1.857500E+00  1.000000E+00  1.000000E-12  4.000000E-13  0.000000E+00  7.483315E-07
  373  1.862500E+00  1.000000E+00  1.000000E-12  4.000000E-13  0.000000E+00  7.483315E-07
  374  1.867500E+00  1.000000E+00  1.000000E-12  4.000000E-13  0.000000E+00  7.483315E-07
  375  1.872500E+00  1.000000E+00  1.000000E-12  4.000000E-13  0.000000E+00  7.483315E-07
  376  1.877500E+00  1.000000E+00  1.000000E-12  4.000000E-13  0.000000E+00  7.483315E-07
  377  1.882500E+00  1.000000E+00  1.000000E-12  4.000000E-13  0.000000E+00  7.483315E-07
  378  1.887500E+00  1.000000E+00  1.000000E-12  4.000000E-13  0.000000E+00  7.483315E-07
  379  1.892500E+00  1.000000E+00  1.000000E-12  4.000000E-13  0.000000E+00  7.483315E-07
  380  1.897500E+00  1.000000E+00  1.000000E-12  4.000000E-13  0.000000E+00  7.483315E-07
  381  1.902500E+00  1.000000E+00  1.000000E-12  4.000000E-13  0.000000E+00  7.483315E-07
  382  1.907500E+00  1.000000E+00  1.000000E-12  4.000000E-13  0.000000E+00  7.483315E-07
  383  1.912500E+00  1.000000E+00  1.000000E-12  4.000000E-13  0.000000E+00  7.483315E-07
  384  1.917500E+00  1.000000E+00  1.000000E-12  4.000000E-13  0.000000E+00  7.483315E-07
  385  1.922500E+00  1.000000E+00  1.000000E-12  4.000000E-13  0.000000E+00  7.483315E-07
  386  1.927500E+00  1.000000E+00  1.000000E-12  4.000000E-13  0.000000E+00  7.483315E-07
  387  1.932500E+00  1.000000E+00  1.000000E-12  4.000000E-13  0.000000E+00  7.483315E-07
  388  1.937500E+00  1.000000E+00  1.000000E-12  4.000000E-13  0.000000E+00  7.483315E-07
  389  1.942500E+00  1.000000E+00  1.000000E-12  4.000000E-13  0.000000E+00  7.483315E-07
  390  1.947500E+00  1.000000E+00  1.000000E-12  4.000000E-13  0.000000E+00  7.483315E-07
  391  1.952500E+00  1.000000E+00  1.000000E-12  4.000000E-13  0.000000E+00  7.483315E-07
  392  1.957500E+00  1.000000E+00  1.000000E-12  4.000000E-13  0.000000E+00  7.483315E-07
  393  1.962500E+00  1.000000E+00  1.000000E-12  4.000000E-13  0.000000E+00  7.483315E-07
  394  1.967500E+00  1.000000E+00  1.000000E-12  4.000000E-13  0.000000E+00  7.483315E-07
  395  1.972500E+00  1.000000E+00  1.000000E-12  4.000000E-13  0.000000E+00  7.483315E-07
  396  1.977500E+00  1.000000E+00  1.000000E-12  4.000000E-13  0.000000E+00  7.483315E-07
  397  1.982500E+00  1.000000E+00  1.000000E-12  4.000000E-13  0.000000E+00  7.483315E-07
  398  1.987500E+00  1.000000E+00  1.000000E-12  4.000000E-13  0.000000E+00  7.483315E-07
  399  1.992500E+00  1.000000E+00  1.000000E-12  4.000000E-13  0.000000E+00  7.483315E-07
  400  1.997500E+00  1.000000E+00  1.000000E-12  4.000000E-13  0.000000E+00  7.483315E-07
